1
0
0
-1
0
0
0
1
0
0
-1
0
0
0
-1
0
0
1
.797956997452549480
.249150354966886340
.548806642485663140
.797956997452549480
-.249150354966886340
-.548806642485663140
.797956997452549480
.548806642485663140
-.249150354966886340
.797956997452549480
-.548806642485663140
.249150354966886340
-.797956997452549480
.249150354966886340
-.548806642485663140
-.797956997452549480
-.249150354966886340
.548806642485663140
-.797956997452549480
.548806642485663140
.249150354966886340
-.797956997452549480
-.548806642485663140
-.249150354966886340
.548806642485663140
.797956997452549480
.249150354966886340
-.548806642485663140
.797956997452549480
-.249150354966886340
-.249150354966886340
.797956997452549480
.548806642485663140
.249150354966886340
.797956997452549480
-.548806642485663140
-.548806642485663140
-.797956997452549480
.249150354966886340
.548806642485663140
-.797956997452549480
-.249150354966886340
.249150354966886340
-.797956997452549480
.548806642485663140
-.249150354966886340
-.797956997452549480
-.548806642485663140
.249150354966886340
.548806642485663140
.797956997452549480
-.249150354966886340
-.548806642485663140
.797956997452549480
.548806642485663140
-.249150354966886340
.797956997452549480
-.548806642485663140
.249150354966886340
.797956997452549480
.249150354966886340
-.548806642485663140
-.797956997452549480
-.249150354966886340
.548806642485663140
-.797956997452549480
.548806642485663140
.249150354966886340
-.797956997452549480
-.548806642485663140
-.249150354966886340
-.797956997452549480
