-.4525918699300550E+00
.1228864897712990E+00
.8832097768395150E+00
-.1228864897712990E+00
.4525918699300540E+00
.8832097768395150E+00
.4525918699300540E+00
-.1228864897712990E+00
.8832097768395150E+00
.1228864897712990E+00
-.4525918699300540E+00
.8832097768395150E+00
-.7544849416597940E+00
-.3723604968845180E+00
.5404628878734710E+00
-.3723604968845180E+00
-.7544849416597940E+00
.5404628878734710E+00
.7544849416597940E+00
.3723604968845180E+00
.5404628878734710E+00
.3723604968845180E+00
.7544849416597940E+00
.5404628878734710E+00
-.9412724612353430E+00
.2055238108123120E+00
.2678919873925760E+00
-.2055238108123120E+00
.9412724612353430E+00
.2678919873925760E+00
.9412724612353430E+00
-.2055238108123120E+00
.2678919873925760E+00
.2055238108123120E+00
-.9412724612353430E+00
.2678919873925760E+00
-.6908394121037930E+00
.6908394121037930E+00
.2132646556937460E+00
.6908394121037930E+00
-.6908394121037930E+00
.2132646556937460E+00
-.6908394121037930E+00
-.6908394121037930E+00
-.2132646556937460E+00
.6908394121037930E+00
.6908394121037930E+00
-.2132646556937460E+00
-.9412724612353430E+00
-.2055238108123120E+00
-.2678919873925760E+00
-.2055238108123120E+00
-.9412724612353430E+00
-.2678919873925760E+00
.9412724612353430E+00
.2055238108123120E+00
-.2678919873925760E+00
.2055238108123120E+00
.9412724612353430E+00
-.2678919873925760E+00
-.7544849416597940E+00
.3723604968845180E+00
-.5404628878734710E+00
-.3723604968845180E+00
.7544849416597940E+00
-.5404628878734710E+00
.7544849416597940E+00
-.3723604968845180E+00
-.5404628878734710E+00
.3723604968845180E+00
-.7544849416597940E+00
-.5404628878734710E+00
-.4525918699300540E+00
-.1228864897712990E+00
-.8832097768395150E+00
-.1228864897712990E+00
-.4525918699300550E+00
-.8832097768395150E+00
.4525918699300540E+00
.1228864897712990E+00
-.8832097768395150E+00
.1228864897712990E+00
.4525918699300540E+00
-.8832097768395150E+00
