-.3552314577994100E+00
-.2787124775453800E-01
-.9343627801546420E+00
-.2787124779678400E-01
-.9343627801526020E+00
-.3552314578014590E+00
.3552314577871320E+00
.2787124774874000E-01
-.9343627801594830E+00
-.9343627801599230E+00
-.3552314577855010E+00
-.2787124775475600E-01
.2787124775071000E-01
-.9343627801527810E+00
.3552314578046040E+00
-.9343627801457191E+00
.3552314578222190E+00
.2787124776296200E-01
.2787124778671300E-01
.9343627801530630E+00
-.3552314578010390E+00
.9343627801578550E+00
.3552314577896490E+00
-.2787124777123200E-01
-.2787124775369500E-01
.9343627801509610E+00
.3552314578091580E+00
.9343627801461910E+00
-.3552314578219540E+00
.2787124775051000E-01
-.3552314577820900E+00
.2787124776743800E-01
.9343627801608420E+00
.3552314578059090E+00
-.2787124776768100E-01
.9343627801517790E+00
.7798223099901350E+00
-.5915274550826340E+00
-.2048717518964320E+00
-.5915274550688220E+00
-.2048717518578010E+00
.7798223100107600E+00
-.7798223099940580E+00
.5915274550814690E+00
-.2048717518848610E+00
-.2048717518702970E+00
.7798223100114690E+00
-.5915274550635600E+00
.5915274550589910E+00
-.2048717518874280E+00
-.7798223100104340E+00
-.2048717518992230E+00
-.7798223100030780E+00
.5915274550646030E+00
.5915274550728280E+00
.2048717518705870E+00
.7798223100043620E+00
.2048717518672270E+00
-.7798223100172360E+00
-.5915274550570200E+00
-.5915274550666310E+00
.2048717518872250E+00
-.7798223100046920E+00
.2048717519129320E+00
.7798223100091420E+00
.5915274550518620E+00
.7798223100232390E+00
.5915274550410931E+00
.2048717518903620E+00
-.7798223100192930E+00
-.5915274550424190E+00
.2048717519015580E+00
-.1835271983339980E+00
.6012377579050370E+00
.7777087667893420E+00
.6012377579099361E+00
.7777087667815160E+00
-.1835271983511070E+00
.1835271983445520E+00
-.6012377579091830E+00
.7777087667836450E+00
.7777087667849560E+00
-.1835271983808640E+00
.6012377578964030E+00
-.6012377578802810E+00
.7777087668046720E+00
.1835271983501320E+00
.7777087667858340E+00
.1835271983493410E+00
-.6012377579048900E+00
-.6012377579161560E+00
-.7777087667795400E+00
-.1835271983391030E+00
-.7777087667789820E+00
.1835271983879100E+00
.6012377579019800E+00
.6012377578838100E+00
-.7777087668027171E+00
.1835271983468550E+00
-.7777087667928400E+00
-.1835271983492180E+00
-.6012377578958650E+00
-.1835271983682890E+00
-.6012377579004050E+00
-.7777087667848300E+00
.1835271983649460E+00
.6012377578956229E+00
-.7777087667893150E+00
.8528077887090461E+00
-.2370119709574170E+00
-.4653431004539210E+00
-.2370119709567750E+00
-.4653431004433220E+00
.8528077887150080E+00
-.8528077887144681E+00
.2370119709572730E+00
-.4653431004440570E+00
-.4653431004292430E+00
.8528077887231790E+00
-.2370119709550160E+00
.2370119709375480E+00
-.4653431004612530E+00
-.8528077887105669E+00
-.4653431004674730E+00
-.8528077887011440E+00
.2370119709592400E+00
.2370119709598130E+00
.4653431004551250E+00
.8528077887077230E+00
.4653431004264470E+00
-.8528077887265380E+00
-.2370119709484180E+00
-.2370119709440190E+00
.4653431004564970E+00
-.8528077887113640E+00
.4653431004720200E+00
.8528077887039920E+00
.2370119709400650E+00
.8528077887273130E+00
.2370119709099660E+00
.4653431004446130E+00
-.8528077887209280E+00
-.2370119709119330E+00
.4653431004553110E+00
-.3831075180512140E+00
-.7694524457705000E+00
-.5110494724686010E+00
-.7694524457940800E+00
-.5110494724612940E+00
-.3831075180136010E+00
.3831075180386340E+00
.7694524457748400E+00
-.5110494724714970E+00
-.5110494724808270E+00
-.3831075180130470E+00
-.7694524457813821E+00
.7694524457795200E+00
-.5110494724845480E+00
.3831075180118250E+00
-.5110494724512290E+00
.3831075180286250E+00
.7694524457932850E+00
.7694524457858420E+00
.5110494724634910E+00
-.3831075180272150E+00
.5110494724706560E+00
.3831075180104850E+00
-.7694524457894130E+00
-.7694524457691539E+00
.5110494724914830E+00
.3831075180233920E+00
.5110494724648110E+00
-.3831075180372210E+00
.7694524457799840E+00
-.3831075180143390E+00
.7694524457825790E+00
.5110494724780560E+00
.3831075180208340E+00
-.7694524457877480E+00
.5110494724654050E+00
-.3159053436286200E-01
-.2276014255658400E+00
-.9732418143601650E+00
-.2276014255785960E+00
-.9732418143577179E+00
-.3159053434635600E-01
.3159053435052700E-01
.2276014255580130E+00
-.9732418143623960E+00
-.9732418143636610E+00
-.3159053433969800E-01
-.2276014255541060E+00
.2276014255299170E+00
-.9732418143689410E+00
.3159053435131100E-01
-.9732418143620620E+00
.3159053437837600E-01
.2276014255555760E+00
.2276014255656060E+00
.9732418143607729E+00
-.3159053434583700E-01
.9732418143610840E+00
.3159053434022900E-01
-.2276014255650540E+00
-.2276014255393320E+00
.9732418143666240E+00
.3159053435487700E-01
.9732418143653830E+00
-.3159053437456300E-01
.2276014255419020E+00
-.3159053433268600E-01
.2276014255572510E+00
.9732418143631530E+00
.3159053435931100E-01
-.2276014255665360E+00
.9732418143601180E+00
.5773502692115290E+00
.5773502691690080E+00
.5773502691883400E+00
-.5773502692025150E+00
-.5773502691649610E+00
.5773502692014010E+00
-.5773502691846440E+00
.5773502691922400E+00
-.5773502691919939E+00
.5773502691768591E+00
-.5773502691953840E+00
-.5773502691966340E+00
