-.3102358052497490E+00
-.1695438068003320E+00
-.9354189664084710E+00
.1695438245277930E+00
-.3102358032133020E+00
-.9354189638707820E+00
.3102358043104060E+00
.1695438064615560E+00
-.9354189667814110E+00
-.1695438247905940E+00
.3102358029753800E+00
-.9354189639020570E+00
.3080106395452920E+00
.7128229440024220E+00
-.6300895939710640E+00
-.7128229497334130E+00
.3080106525155400E+00
-.6300895811472430E+00
-.3080106400707460E+00
-.7128229436696710E+00
-.6300895940906460E+00
.7128229496578490E+00
-.3080106520361460E+00
-.6300895814670739E+00
-.9684362379642060E+00
.2082268276479200E+00
-.1370140184266580E+00
-.2082268500532560E+00
-.9684362325385090E+00
-.1370140227258430E+00
.9684362379767060E+00
-.2082268278058280E+00
-.1370140180983230E+00
.2082268498534730E+00
.9684362325965640E+00
-.1370140226191200E+00
.8586262817733430E+00
-.5052982431788260E+00
.8622408995447400E-01
.5052982557699890E+00
.8586262732469619E+00
.8622410107296601E-01
-.8586262822272230E+00
.5052982423131390E+00
.8622409050787300E-01
-.5052982552596350E+00
-.8586262735002110E+00
.8622410154191300E-01
-.3076806405853370E+00
.8989497927506760E+00
-.3118042551385610E+00
-.8989497856751240E+00
-.3076806478419160E+00
-.3118042683771800E+00
.3076806414195990E+00
-.8989497925206360E+00
-.3118042549785520E+00
.8989497856596950E+00
.3076806478121440E+00
-.3118042684510400E+00
-.1881269674789200E-01
.8788352715579451E+00
-.4767542846233740E+00
-.8788352674167740E+00
-.1881269483766200E-01
-.4767542923324690E+00
.1881269703441700E-01
-.8788352718529220E+00
-.4767542840683150E+00
.8788352673544439E+00
.1881269536686300E-01
-.4767542924264830E+00
-.3443336355513510E+00
-.6483077173102800E+00
.6790666028482950E+00
.6483077128381730E+00
-.3443336361146760E+00
.6790666068321890E+00
.3443336355857970E+00
.6483077171965960E+00
.6790666029393631E+00
-.6483077130085980E+00
.3443336359123690E+00
.6790666067720680E+00
-.4702219025736310E+00
.1507076562319540E+00
-.8695852831626730E+00
-.1507076423096880E+00
-.4702218831646910E+00
-.8695852960707799E+00
.4702219026282020E+00
-.1507076555533240E+00
-.8695852832507770E+00
.1507076423431300E+00
.4702218829961750E+00
-.8695852961561080E+00
.4250546442785840E+00
-.5365868962264601E+00
-.7289739722207240E+00
.5365868810820780E+00
.4250546477560930E+00
-.7289739813405910E+00
-.4250546449700540E+00
.5365868967776060E+00
-.7289739714118481E+00
-.5365868816243600E+00
-.4250546474806120E+00
-.7289739811020540E+00
-.9120790010399710E+00
-.2938855871432070E+00
.2859076031367850E+00
.2938855870986690E+00
-.9120790039165270E+00
.2859075940060130E+00
.9120790011259080E+00
.2938855867954030E+00
.2859076032201440E+00
-.2938855864337710E+00
.9120790039708701E+00
.2859075945161020E+00
.7800490853796700E-01
-.2409701128503410E+00
.9673927015214020E+00
.2409700982846980E+00
.7800489882319400E-01
.9673927059329350E+00
-.7800490855350500E-01
.2409701126292690E+00
.9673927015752170E+00
-.2409700983316570E+00
-.7800489907664500E-01
.9673927059008010E+00
.8203021255018100E-01
.8575896040166370E+00
.5077510367410010E+00
-.8575896013812589E+00
.8203020740984600E-01
.5077510420225940E+00
-.8203021201448800E-01
-.8575896040944060E+00
.5077510366961920E+00
.8575896014037210E+00
-.8203020753656701E-01
.5077510419641830E+00
-.5157608515154790E+00
.1312671357910150E+00
.8466166092779250E+00
-.1312671273545900E+00
-.5157608597677750E+00
.8466166055586670E+00
.5157608517164380E+00
-.1312671356343970E+00
.8466166091797840E+00
.1312671273657820E+00
.5157608594800460E+00
.8466166057322170E+00
-.4112466865719090E+00
-.8405963083116390E+00
-.3525251895063250E+00
.8405963119434809E+00
-.4112466852339070E+00
-.3525251824070760E+00
.4112466866842350E+00
.8405963084310540E+00
-.3525251890905440E+00
-.8405963117351960E+00
.4112466861438970E+00
-.3525251818421600E+00
.5168800760600560E+00
-.6903894058323270E+00
.5061595156535510E+00
.6903894114548110E+00
.5168800558538950E+00
.5061595286187490E+00
-.5168800758947940E+00
.6903894058076810E+00
.5061595158559300E+00
-.6903894116967521E+00
-.5168800557478870E+00
.5061595283970010E+00
.9896212971777389E+00
.1378664432199330E+00
-.4052816312313600E-01
-.1378664305857560E+00
.9896212992709770E+00
-.4052815498843500E-01
-.9896212971606950E+00
-.1378664433659110E+00
-.4052816304271500E-01
.1378664304425690E+00
-.9896212992844280E+00
-.4052815514707900E-01
-.1958479300104780E+00
.7299184127203560E+00
.6548760944502450E+00
-.7299183943115261E+00
-.1958479223150010E+00
.6548761172699620E+00
.1958479303320260E+00
-.7299184127928280E+00
.6548760942733060E+00
.7299183944702530E+00
.1958479222995380E+00
.6548761170976710E+00
-.9611745912687720E+00
.1374629981461890E+00
.2392641411494210E+00
-.1374630118003830E+00
-.9611745912677800E+00
.2392641333087430E+00
.9611745912333690E+00
-.1374629986361250E+00
.2392641410101630E+00
.1374630123499560E+00
.9611745912112990E+00
.2392641332198950E+00
-.5416095448710020E+00
.6986978657932460E+00
-.4674188627351160E+00
-.6986978569142270E+00
-.5416095507347370E+00
-.4674188692130250E+00
.5416095447797850E+00
-.6986978649911610E+00
-.4674188640397680E+00
.6986978564425980E+00
.5416095510267080E+00
-.4674188695797020E+00
.7643088323887590E+00
-.5267605803321960E+00
.3719614223822420E+00
.5267605923380950E+00
.7643088203410930E+00
.3719614301354730E+00
-.7643088321448920E+00
.5267605805973740E+00
.3719614225078030E+00
-.5267605920946900E+00
-.7643088203471260E+00
.3719614304677800E+00
.5298007625879601E+00
-.8426717708539430E+00
.9599707582574900E-01
.8426717750301530E+00
.5298007561360210E+00
.9599707477434399E-01
-.5298007622677300E+00
.8426717710101960E+00
.9599707622147501E-01
-.8426717748602300E+00
-.5298007564751320E+00
.9599707439441600E-01
-.1136626226998930E+00
.6820442702411250E+00
-.7224239902108960E+00
-.6820442684357680E+00
-.1136626306939130E+00
-.7224239906576040E+00
.1136626220095830E+00
-.6820442709948010E+00
-.7224239896079570E+00
.6820442681422680E+00
.1136626313454830E+00
-.7224239908321840E+00
-.4724129536124540E+00
-.2928780099619150E+00
.8312932530340330E+00
.2928780082506380E+00
-.4724129789009020E+00
.8312932392658530E+00
.4724129536167830E+00
.2928780098202570E+00
.8312932530814821E+00
-.2928780082710890E+00
.4724129789208400E+00
.8312932392473180E+00
-.6815366614289660E+00
.7162511481767150E+00
-.1499735705509350E+00
-.7162511482083890E+00
-.6815366611122390E+00
-.1499735718389920E+00
.6815366614886850E+00
-.7162511478281740E+00
-.1499735719441320E+00
.7162511487469760E+00
.6815366604853310E+00
-.1499735721156920E+00
-.4111620000000000E-09
-.3534500000000000E-09
-.1000000000000000E+01
