.7744872809511499E-01
.4158517809437130E+00
.9061285729974480E+00
.3214138448038750E+00
-.2749984556447050E+00
.9061285724230410E+00
-.3988625751816820E+00
-.1408533265973900E+00
.9061285706266440E+00
-.1787556874910460E+00
-.5152222349745700E+00
.8382078816006280E+00
-.3568176986655230E+00
.4124180884267480E+00
.8382078800974540E+00
.5355733944206060E+00
.1028041510051580E+00
.8382078773937280E+00
-.8389441163706420E+00
.2449367019820340E+00
.4859822853039470E+00
.6315934654402620E+00
.6040785684083980E+00
.4859822811613830E+00
.2073506489343180E+00
-.8490152721538911E+00
.4859822795493390E+00
.6030398999428330E+00
-.6509320337390900E+00
.4611186035384290E+00
.2622037259432290E+00
.8477138921806350E+00
.4611185998259520E+00
-.8652436316057580E+00
-.1967818579237170E+00
.4611185946779530E+00
-.5468262207730730E+00
-.7247520618163770E+00
.4191843665595730E+00
-.3542405886756760E+00
.8359414307891710E+00
.4191843623334060E+00
.9010668103254760E+00
-.1111893673186000E+00
.4191843603060130E+00
.8660254013635760E+00
-.5000000041930580E+00
.2865017000000000E-08
-.6974212479804210E+00
.7036498034313300E+00
.1359432123957750E+00
-.2606679847680800E+00
-.9558094187787221E+00
.1359432112715850E+00
.9580892294393220E+00
.2521596159729320E+00
.1359432105871770E+00
-.1000000000000000E-14
.1000000000000000E+01
.0000000000000000E+00
-.9580892294393220E+00
.2521596159729320E+00
-.1359432105871760E+00
.2606679847680800E+00
-.9558094187787221E+00
-.1359432112715840E+00
.6974212479804220E+00
.7036498034313290E+00
-.1359432123957750E+00
-.8660254013635760E+00
-.5000000041930580E+00
-.2865019000000000E-08
-.9010668103254760E+00
-.1111893673186000E+00
-.4191843603060140E+00
.3542405886756770E+00
.8359414307891710E+00
-.4191843623334050E+00
.5468262207730710E+00
-.7247520618163770E+00
-.4191843665595750E+00
.8652436316057580E+00
-.1967818579237170E+00
-.4611185946779530E+00
-.2622037259432300E+00
.8477138921806340E+00
-.4611185998259540E+00
-.6030398999428310E+00
-.6509320337390910E+00
-.4611186035384300E+00
-.2073506489343180E+00
-.8490152721538921E+00
-.4859822795493380E+00
-.6315934654402630E+00
.6040785684083980E+00
-.4859822811613820E+00
.8389441163706430E+00
.2449367019820340E+00
-.4859822853039460E+00
-.5355733944206050E+00
.1028041510051590E+00
-.8382078773937280E+00
.3568176986655240E+00
.4124180884267480E+00
-.8382078800974530E+00
.1787556874910460E+00
-.5152222349745700E+00
-.8382078816006280E+00
.3988625751816830E+00
-.1408533265973900E+00
-.9061285706266440E+00
-.3214138448038760E+00
-.2749984556447050E+00
-.9061285724230410E+00
-.7744872809511499E-01
.4158517809437130E+00
-.9061285729974480E+00
