-.2987919906422970E+00
-.7938432129347350E+00
.5296567752851560E+00
-.8203286463371759E+00
.4713194787024310E+00
.3239118105199090E+00
.4631862338170970E+00
.6516906271708700E-01
.8838617007580490E+00
.0000000000000000E+00
-.1000000000000000E+01
.0000000000000000E+00
-.9510565162951540E+00
-.3090169943749460E+00
.0000000000000000E+00
.9510565162951540E+00
-.3090169943749460E+00
.0000000000000000E+00
-.5877852522924750E+00
.8090169943749460E+00
.0000000000000000E+00
.5877852522924750E+00
.8090169943749460E+00
.0000000000000000E+00
.2987919906422970E+00
-.7938432129347350E+00
-.5296567752851560E+00
.8203286463371759E+00
.4713194787024310E+00
-.3239118105199090E+00
-.4631862338170970E+00
.6516906271708700E-01
-.8838617007580490E+00
-.6626579576866710E+00
-.5294791133832000E+00
-.5296567752851560E+00
.7017469541675641E+00
-.6345331759035630E+00
-.3239118105199090E+00
-.8115295605207699E-01
.4606546338170240E+00
-.8838617007580500E+00
.6626579576866710E+00
-.5294791133832000E+00
.5296567752851560E+00
-.7017469541675641E+00
-.6345331759035630E+00
.3239118105199090E+00
.8115295605207699E-01
.4606546338170240E+00
.8838617007580500E+00
-.8473215634698510E+00
.3885702605111100E-01
.5296567752851560E+00
.1947559687859950E+00
.9258246333015470E+00
.3239118105199090E+00
.2051118795679430E+00
-.4203779380428920E+00
.8838617007580500E+00
-.7083371314082481E+00
.4666071245307600E+00
-.5296567752851560E+00
-.3866251771599070E+00
-.8634825484002470E+00
-.3239118105199090E+00
.4130309486893860E+00
.2195311580569730E+00
-.8838617007580490E+00
.8473215634698510E+00
.3885702605111100E-01
-.5296567752851560E+00
-.1947559687859950E+00
.9258246333015470E+00
-.3239118105199090E+00
-.2051118795679430E+00
-.4203779380428920E+00
-.8838617007580500E+00
.7083371314082481E+00
.4666071245307600E+00
.5296567752851560E+00
.3866251771599070E+00
-.8634825484002470E+00
.3239118105199090E+00
-.4130309486893860E+00
.2195311580569730E+00
.8838617007580490E+00
-.2248815349827720E+00
.8178581757360640E+00
.5296567752851560E+00
.9406944545588370E+00
.1008716122998310E+00
.3239118105199090E+00
-.3364201207477300E+00
-.3249769165481910E+00
.8838617007580500E+00
.2248815349827720E+00
.8178581757360640E+00
-.5296567752851560E+00
-.9406944545588370E+00
.1008716122998310E+00
-.3239118105199090E+00
.3364201207477300E+00
-.3249769165481910E+00
-.8838617007580500E+00
