.3475829929481740E+00
.1047743753274200E-01
-.9375906816494800E+00
-.1044843231043000E-01
.3475413388295680E+00
-.9376064462592000E+00
-.3475883242503650E+00
-.1054468425593400E-01
-.9375879513297760E+00
.1050345139725000E-01
-.3476258644517360E+00
-.9375744961724000E+00
.9573307194017840E+00
-.2795455306609460E+00
.7329522479092900E-01
.2792652780970050E+00
.9573927358606780E+00
.7355306771718000E-01
-.9573327979427020E+00
.2795222469713080E+00
.7335684992765799E-01
-.2793186211851990E+00
-.9573879317740051E+00
.7341291407301601E-01
-.7871671893657940E+00
.5732997009752220E+00
.2273659359879500E+00
-.5733363431761840E+00
-.7872178100650020E+00
.2270981222067310E+00
.7871672940978330E+00
-.5732651718569340E+00
.2274526188869580E+00
.5733362238090280E+00
.7872196475051730E+00
.2270920541327600E+00
.8754144003078600E-01
-.6643396032978660E+00
.7422865940911030E+00
.6644912175004650E+00
.8770025837726000E-01
.7421321220276830E+00
-.8759814514116800E-01
.6643629253959660E+00
.7422590304786740E+00
-.6645059323545440E+00
-.8760922266590200E-01
.7421296988865860E+00
-.1816923837692630E+00
-.8781547886493810E+00
.4425291457660200E+00
.8781602753939730E+00
-.1817083555225460E+00
.4425116995665470E+00
.1816540667785550E+00
.8780986275111300E+00
.4426563005152890E+00
-.8781265673456280E+00
.1817359847695640E+00
.4425672418532820E+00
-.9373102586228810E+00
-.9637197978012001E-01
.3349058383987490E+00
.9651335193136300E-01
-.9372637140491000E+00
.3349953779171580E+00
.9373004951773100E+00
.9639308343894500E-01
.3349270893873810E+00
-.9654896152570901E-01
.9372748525669620E+00
.3349539502288140E+00
.6982199685982891E+00
.3858998527067800E+00
.6029678093658820E+00
-.3857350346567110E+00
.6981396278667030E+00
.6031662648395780E+00
-.6982143849503560E+00
-.3858272414942140E+00
.6030207395847690E+00
.3856905907758600E+00
-.6981364886634910E+00
.6031983184522151E+00
.5405929738740300E+00
.2295449389759780E+00
-.8093629331693830E+00
-.2294653457459810E+00
.5404884516200070E+00
-.8094553037488150E+00
-.5405365790250229E+00
-.2296360687376600E+00
-.8093747479818220E+00
.2295185798546190E+00
-.5405852956723050E+00
-.8093755368210770E+00
.6153921863378620E+00
-.4852729960302080E+00
-.6211300800300780E+00
.4851027017292890E+00
.6156523572710850E+00
-.6210052687067160E+00
-.6153608818366660E+00
.4852728172538800E+00
-.6211612334488400E+00
-.4851208201549380E+00
-.6156487578076740E+00
-.6209946834410640E+00
-.9942985111717390E+00
-.1234442933553200E-01
-.1059154650938340E+00
.1252122782760300E-01
-.9942950131405450E+00
-.1059275492850360E+00
.9943010550792640E+00
.1236201009035900E-01
-.1058895300527300E+00
-.1253132312139700E-01
.9942957377422700E+00
-.1059195536640100E+00
-.9468687972383700E+00
-.2736486166914170E+00
-.1689849561328910E+00
.2739601887516720E+00
-.9468327363795400E+00
-.1686819027020430E+00
.9468665094508320E+00
.2736532244816880E+00
-.1689903133649180E+00
-.2739245417323450E+00
.9468150553098350E+00
-.1688389661048640E+00
.6219400443166621E+00
-.2278261007971960E+00
.7491901287863670E+00
.2280411446430480E+00
.6219530289472310E+00
.7491139206644430E+00
-.6218687837757511E+00
.2279276507413030E+00
.7492183939231730E+00
-.2280693123455940E+00
-.6220509027464080E+00
.7490240738177820E+00
.3186902091185970E+00
-.3732047571372940E+00
.8712948753791900E+00
.3734469287977850E+00
.3187930151534590E+00
.8711534909881660E+00
-.3186138148156050E+00
.3732133552737800E+00
.8713191312337490E+00
-.3734592772106220E+00
-.3188360477041230E+00
.8711324485689500E+00
-.7253448444401041E+00
-.5833784392705930E+00
-.3654373451610680E+00
.5834139997771970E+00
-.7253292955277540E+00
-.3654114364838410E+00
.7252797817453550E+00
.5834837958704659E+00
-.3653982733237830E+00
-.5833921247532891E+00
.7253109994085279E+00
-.3654826711526070E+00
.7988501001202420E+00
.2765534752131910E+00
-.5341878816347170E+00
-.2763211000238460E+00
.7989291542489270E+00
-.5341899064683890E+00
-.7988562438148370E+00
-.2764297346415290E+00
-.5342427383915150E+00
.2763781623959860E+00
-.7989867195495221E+00
-.5340742769822480E+00
-.1655803280066600E-01
-.2668948307225060E+00
.9635834062930810E+00
.2668302911502350E+00
-.1638255094060400E-01
.9636042796445849E+00
.1653848147754700E-01
.2668112913367720E+00
.9636068770227930E+00
-.2668631318396490E+00
.1629674868946400E-01
.9635966401180980E+00
.7918674186999000E+00
-.4468810106100000E-01
-.6090557977928790E+00
.4472102275672300E-01
.7918051577832860E+00
-.6091343219942370E+00
-.7918440172448510E+00
.4475582334190500E-01
-.6090812496133200E+00
-.4466807762503700E-01
-.7918746808520610E+00
-.6090478246137410E+00
-.5014900186250320E+00
.2649233941720350E+00
-.8236038832107540E+00
-.2650157251746410E+00
-.5015411753246239E+00
-.8235430255087790E+00
.5015064597172660E+00
-.2649658918293070E+00
-.8235802007266529E+00
.2651012560640450E+00
.5014467174048470E+00
-.8235730165790820E+00
.5190897246327010E+00
.8329815031336940E+00
-.1915402652652380E+00
-.8329013394459019E+00
.5191752038638210E+00
-.1916571585988450E+00
-.5192141628560780E+00
-.8328964374095770E+00
-.1915729042429970E+00
.8329109462420290E+00
-.5191589535692990E+00
-.1916594285680710E+00
.2476010675085870E+00
.8831673837656100E+00
-.3983830865149980E+00
-.8830221512071290E+00
.2477441033328120E+00
-.3986160304620910E+00
-.2476487149656710E+00
-.8831495477116110E+00
-.3983930099193870E+00
.8830133705047160E+00
-.2477001460740480E+00
-.3986627962887890E+00
.4002781614712230E+00
-.8773584138260520E+00
.2646121825197240E+00
.8774613609332640E+00
.4001867035422060E+00
.2644090814952590E+00
-.4002808250503690E+00
.8773763047666490E+00
.2645488252308370E+00
-.8774602234313240E+00
-.4001610292202430E+00
.2644517101272880E+00
-.6634905237222980E+00
.5306664446881890E+00
.5274215101915239E+00
-.5308117236732890E+00
-.6636157431101070E+00
.5271176903760800E+00
.6634675476431120E+00
-.5306264333549320E+00
.5274906647984010E+00
.5307594133840530E+00
.6636440365692740E+00
.5271347435241360E+00
.5994005115983830E+00
-.8002870849197450E+00
.1611236811441900E-01
.8004755258120930E+00
.5991536811630800E+00
.1593106790471300E-01
-.5993416576844360E+00
.8003327975136210E+00
.1603092598988700E-01
-.8005017325412480E+00
-.5991177989940090E+00
.1596368150005100E-01
-.7983662917000000E-05
-.5156570105400000E-04
-.9999999986386200E+00
