-.6573345672300001E+00
.4546293055910000E+00
.6010186862510000E+00
-.8375525550410000E+00
.5199165508690000E+00
-.1679062169070000E+00
-.4101737263900000E-01
-.8477786201300000E+00
.5287617482310000E+00
.7389489992800000E-01
-.4044063354010000E+00
.9115893042660000E+00
.0000000000000000E+00
-.1000000000000000E+01
.0000000000000000E+00
.7818314824680000E+00
-.6234898018590000E+00
.0000000000000000E+00
.9749279121820000E+00
.2225209339560000E+00
.0000000000000000E+00
.4338837391180000E+00
.9009688679020000E+00
.0000000000000000E+00
-.4338837391180000E+00
.9009688679020000E+00
.0000000000000000E+00
-.9749279121820000E+00
.2225209339560000E+00
.0000000000000000E+00
-.7818314824680000E+00
-.6234898018590000E+00
.0000000000000000E+00
-.7652849030410001E+00
-.2304681235120000E+00
.6010186862510000E+00
-.9286926043150000E+00
-.3306622884680000E+00
-.1679062169070000E+00
.6372461018409999E+00
-.5606499971420000E+00
.5287617482310000E+00
.3622503212410000E+00
-.1943698667720000E+00
.9115893042660000E+00
.6573345672300001E+00
.4546293055910000E+00
-.6010186862510000E+00
.8375525550410000E+00
.5199165508690000E+00
.1679062169070000E+00
.4101737263900000E-01
-.8477786201300000E+00
-.5287617482310000E+00
-.7389489992800000E-01
-.4044063354010000E+00
-.9115893042660000E+00
-.2969600978950000E+00
-.7420183549179999E+00
.6010186862510000E+00
-.3205081806620000E+00
-.9322456803080000E+00
-.1679062169070000E+00
.8356502641840000E+00
.1486595088690000E+00
.5287617482310000E+00
.3778238620990000E+00
.1620310759590000E+00
.9115893042660000E+00
.5439789511300000E-01
.7973815948370000E+00
-.6010186862510000E+00
.1157183488630000E+00
.9789876230370000E+00
.1679062169070000E+00
.6883939289200000E+00
-.4965126506270000E+00
-.5287617482310000E+00
.2701048882110000E+00
-.3099165850870000E+00
-.9115893042660000E+00
.3949817178480000E+00
-.6948136306550000E+00
.6010186862510000E+00
.5290254402040000E+00
-.8318290605290000E+00
-.1679062169070000E+00
.4047927334370000E+00
.7460253726010000E+00
.5287617482310000E+00
.1088883285950000E+00
.3964193136610000E+00
.9115893042660000E+00
-.5895015015390001E+00
.5396892795500000E+00
-.6010186862510000E+00
-.6932541342330000E+00
.7008610473500000E+00
.1679062169070000E+00
.8173958160470000E+00
.2286374718100000E+00
-.5287617482310000E+00
.4107101863920000E+00
.1794667494300000E-01
-.9115893042660000E+00
.7894942438920000E+00
-.1244000708930000E+00
.6010186862510000E+00
.9801921144450000E+00
-.1050281919510000E+00
-.1679062169070000E+00
-.3308819818550000E+00
.7816189146200000E+00
.5287617482310000E+00
-.2420423372590000E+00
.3322957226960000E+00
.9115893042660000E+00
-.7894942438920000E+00
-.1244000708930000E+00
-.6010186862510000E+00
-.9801921144450000E+00
-.1050281919510000E+00
.1679062169070000E+00
.3308819818550000E+00
.7816189146200000E+00
-.5287617482310000E+00
.2420423372590000E+00
.3322957226960000E+00
-.9115893042660000E+00
.5895015015390001E+00
.5396892795500000E+00
.6010186862510000E+00
.6932541342330000E+00
.7008610473500000E+00
-.1679062169070000E+00
-.8173958160470000E+00
.2286374718100000E+00
.5287617482310000E+00
-.4107101863920000E+00
.1794667494300000E-01
.9115893042660000E+00
-.3949817178480000E+00
-.6948136306550000E+00
-.6010186862510000E+00
-.5290254402040000E+00
-.8318290605290000E+00
.1679062169070000E+00
-.4047927334370000E+00
.7460253726010000E+00
-.5287617482310000E+00
-.1088883285950000E+00
.3964193136610000E+00
-.9115893042660000E+00
-.5439789511300000E-01
.7973815948370000E+00
.6010186862510000E+00
-.1157183488630000E+00
.9789876230370000E+00
-.1679062169070000E+00
-.6883939289200000E+00
-.4965126506270000E+00
.5287617482310000E+00
-.2701048882110000E+00
-.3099165850870000E+00
.9115893042660000E+00
.2969600978950000E+00
-.7420183549179999E+00
-.6010186862510000E+00
.3205081806620000E+00
-.9322456803080000E+00
.1679062169070000E+00
-.8356502641840000E+00
.1486595088690000E+00
-.5287617482310000E+00
-.3778238620990000E+00
.1620310759590000E+00
-.9115893042660000E+00
.7652849030410001E+00
-.2304681235120000E+00
-.6010186862510000E+00
.9286926043150000E+00
-.3306622884680000E+00
.1679062169070000E+00
-.6372461018409999E+00
-.5606499971420000E+00
-.5287617482310000E+00
-.3622503212410000E+00
-.1943698667720000E+00
-.9115893042660000E+00
