.3640123839810860E+00
.8229531635995710E+00
-.4361686311850780E+00
.7685887320688830E+00
.5532267820651310E+00
-.3212654487220910E+00
.1101485451141210E+00
.9824696076142370E+00
.1504020216738140E+00
-.2304850919140130E+00
.5617329534920200E+00
.7945644790490710E+00
-.8676275173803391E+00
-.4918540416487970E+00
.7281547087105800E-01
.1144206970878290E+00
.4031499733489110E+00
.9079526436255960E+00
-.8469390214733910E+00
-.4771030871330400E-01
-.5295451070005061E+00
-.6252578784352090E+00
.4081160919771310E+00
.6652021053213940E+00
-.8500000000000000E-13
.1800000000000000E-13
.1000000000000000E+01
.1140000000000000E-12
.6400000000000000E-13
-.1000000000000000E+01
-.3640123839809650E+00
.8229531635996150E+00
.4361686311850950E+00
-.7685887320687670E+00
.5532267820653050E+00
.3212654487220690E+00
-.1101485451140420E+00
.9824696076142370E+00
-.1504020216738710E+00
.2304850919141700E+00
.5617329534919940E+00
-.7945644790490430E+00
.8676275173802620E+00
-.4918540416489600E+00
-.7281547087086900E-01
-.1144206970877000E+00
.4031499733489340E+00
-.9079526436256020E+00
.8469390214733500E+00
-.4771030871340700E-01
.5295451070005610E+00
.6252578784353120E+00
.4081160919770090E+00
-.6652021053213720E+00
.8229531635995770E+00
.3640123839808830E+00
.4361686311852350E+00
.5532267820651880E+00
.7685887320687740E+00
.3212654487222530E+00
.9824696076142470E+00
.1101485451140870E+00
-.1504020216737740E+00
.5617329534919810E+00
-.2304850919140880E+00
-.7945644790490760E+00
-.4918540416487560E+00
-.8676275173803690E+00
-.7281547087097300E-01
.4031499733490630E+00
.1144206970878610E+00
-.9079526436255240E+00
-.4771030871335200E-01
-.8469390214733490E+00
.5295451070005680E+00
.4081160919769950E+00
-.6252578784352130E+00
-.6652021053214749E+00
-.8229531635995320E+00
.3640123839808870E+00
-.4361686311853160E+00
-.5532267820651799E+00
.7685887320687730E+00
-.3212654487222700E+00
-.9824696076142190E+00
.1101485451143020E+00
.1504020216737980E+00
-.5617329534918500E+00
-.2304850919140470E+00
.7945644790491810E+00
.4918540416486400E+00
-.8676275173804380E+00
.7281547087093300E-01
-.4031499733489950E+00
.1144206970879430E+00
.9079526436255440E+00
.4771030871312800E-01
-.8469390214732510E+00
-.5295451070007450E+00
-.4081160919770890E+00
-.6252578784352210E+00
.6652021053214090E+00
.8229531635995930E+00
-.3640123839810480E+00
-.4361686311850680E+00
.5532267820652400E+00
-.7685887320687620E+00
-.3212654487221930E+00
.9824696076142230E+00
-.1101485451142030E+00
.1504020216738410E+00
.5617329534920120E+00
.2304850919139650E+00
.7945644790490910E+00
-.4918540416488440E+00
.8676275173803230E+00
.7281547087093000E-01
.4031499733488420E+00
-.1144206970878020E+00
.9079526436256300E+00
-.4771030871312500E-01
.8469390214733320E+00
-.5295451070006150E+00
.4081160919770250E+00
.6252578784351440E+00
.6652021053215210E+00
.3640123839808740E+00
-.8229531635996120E+00
.4361686311851760E+00
.7685887320686020E+00
-.5532267820654549E+00
.3212654487222060E+00
.1101485451140020E+00
-.9824696076142170E+00
-.1504020216740270E+00
-.2304850919141390E+00
-.5617329534917930E+00
-.7945644790491950E+00
-.8676275173802610E+00
.4918540416489100E+00
-.7281547087121600E-01
.1144206970878360E+00
-.4031499733488650E+00
-.9079526436256150E+00
-.8469390214733150E+00
.4771030871329900E-01
.5295451070006270E+00
-.6252578784353130E+00
-.4081160919769210E+00
-.6652021053214250E+00
-.8229531635996200E+00
-.3640123839807480E+00
.4361686311852660E+00
-.5532267820654280E+00
-.7685887320686480E+00
.3212654487221420E+00
-.9824696076142500E+00
-.1101485451141300E+00
-.1504020216737230E+00
-.5617329534919030E+00
.2304850919140550E+00
-.7945644790491420E+00
.4918540416489630E+00
.8676275173802510E+00
-.7281547087097499E-01
-.4031499733489210E+00
-.1144206970877430E+00
-.9079526436256020E+00
.4771030871322400E-01
.8469390214733470E+00
.5295451070005830E+00
-.4081160919769240E+00
.6252578784352110E+00
-.6652021053215200E+00
-.3640123839810390E+00
-.8229531635994850E+00
-.4361686311852790E+00
-.7685887320687240E+00
-.5532267820653620E+00
-.3212654487220740E+00
-.1101485451141380E+00
-.9824696076142310E+00
.1504020216738370E+00
.2304850919140110E+00
-.5617329534919900E+00
.7945644790490930E+00
.8676275173803070E+00
.4918540416488340E+00
.7281547087118601E-01
-.1144206970878110E+00
-.4031499733489560E+00
.9079526436255780E+00
.8469390214733800E+00
.4771030871307200E-01
-.5295451070005440E+00
.6252578784351550E+00
-.4081160919770150E+00
.6652021053215160E+00
