1.0e0
0.0e0
0.0e0
5.947189772040725e-1
1.776539926025823e-1
7.840589244857197e-1
5.947189772040725e-1
-7.678419429698292e-1
-2.381765915652909e-1
5.947189772040725e-1
5.90187950367247e-1
-5.458823329204288e-1
-5.947189772040725e-1
1.776539926025823e-1
-7.840589244857197e-1
-5.947189772040725e-1
5.90187950367247e-1
5.458823329204288e-1
-5.947189772040725e-1
-7.678419429698292e-1
2.381765915652909e-1
3.012536847870683e-1
8.79474443923065e-1
3.684710570566285e-1
3.012536847870683e-1
-7.588425179318781e-1
5.774116818882528e-1
3.012536847870683e-1
-1.206319259911869e-1
-9.458827389448813e-1
-3.012536847870683e-1
8.79474443923065e-1
-3.684710570566285e-1
-3.012536847870683e-1
-1.206319259911869e-1
9.458827389448813e-1
-3.012536847870683e-1
-7.588425179318781e-1
-5.774116818882528e-1
-1.0e0
0.0e0
0.0e0
