-.1000000000000000E-13
.1340000000000000E-12
.1000000000000000E+01
.3018957895735780E+00
-.9291397015132300E+00
.2134440144619920E+00
-.7903734381641860E+00
-.5742399158321320E+00
.2134440144619430E+00
.9769552971811710E+00
-.3700000000000000E-13
.2134440144619910E+00
.3018957895736690E+00
.9291397015132060E+00
.2134440144619690E+00
-.7903734381642010E+00
.5742399158321140E+00
.2134440144619360E+00
-.3018957895735820E+00
-.9291397015132400E+00
-.2134440144619470E+00
.7903734381642380E+00
-.5742399158320560E+00
-.2134440144619510E+00
.7903734381641740E+00
.5742399158321460E+00
-.2134440144619500E+00
-.3018957895735640E+00
.9291397015132370E+00
-.2134440144619820E+00
-.9769552971811680E+00
-.3000000000000000E-14
-.2134440144620020E+00
-.2211631442235650E+00
-.6806701680060330E+00
.6984088960084820E+00
.5790126286353831E+00
-.4206772989561190E+00
.6984088960084400E+00
.5790126286357040E+00
.4206772989556830E+00
.6984088960084370E+00
-.2211631442231990E+00
.6806701680062820E+00
.6984088960083550E+00
-.7156989688244501E+00
.1840000000000000E-12
.6984088960083630E+00
.2211631442233320E+00
-.6806701680062320E+00
-.6984088960083610E+00
-.5790126286356300E+00
-.4206772989558320E+00
-.6984088960084081E+00
.7156989688244080E+00
-.4100000000000000E-13
-.6984088960084049E+00
.2211631442234360E+00
.6806701680060721E+00
-.6984088960084840E+00
-.5790126286354760E+00
.4206772989560280E+00
-.6984088960084170E+00
-.1400000000000000E-13
-.1310000000000000E-12
-.1000000000000000E+01
