-.3345022001069780E+00
.2559037493280540E+00
-.9069848671303380E+00
.2559037493281330E+00
-.9069848671303220E+00
-.3345022001069590E+00
.3345022001069660E+00
-.2559037493280760E+00
-.9069848671303360E+00
-.9069848671303240E+00
-.3345022001070400E+00
.2559037493280210E+00
-.2559037493280450E+00
-.9069848671303130E+00
.3345022001070510E+00
-.9069848671303130E+00
.3345022001069890E+00
-.2559037493281280E+00
-.2559037493280770E+00
.9069848671303280E+00
-.3345022001069860E+00
.9069848671303340E+00
.3345022001069990E+00
.2559037493280370E+00
.2559037493280530E+00
.9069848671303270E+00
.3345022001070080E+00
.9069848671303220E+00
-.3345022001070060E+00
-.2559037493280710E+00
-.3345022001070360E+00
-.2559037493280360E+00
.9069848671303210E+00
.3345022001069960E+00
.2559037493281340E+00
.9069848671303080E+00
.1812453816504250E+00
.1532808703053070E+00
-.9714191095654030E+00
.1532808703053200E+00
-.9714191095653860E+00
.1812453816505030E+00
-.1812453816503960E+00
-.1532808703053140E+00
-.9714191095654070E+00
-.9714191095654200E+00
.1812453816504160E+00
.1532808703052080E+00
-.1532808703052110E+00
-.9714191095654300E+00
-.1812453816503590E+00
-.9714191095653910E+00
-.1812453816504850E+00
-.1532808703053120E+00
-.1532808703053150E+00
.9714191095654040E+00
.1812453816504130E+00
.9714191095654130E+00
-.1812453816504040E+00
.1532808703052690E+00
.1532808703052900E+00
.9714191095654090E+00
-.1812453816504040E+00
.9714191095653960E+00
.1812453816504510E+00
-.1532808703053180E+00
.1812453816504140E+00
-.1532808703051840E+00
.9714191095654240E+00
-.1812453816504980E+00
.1532808703053040E+00
.9714191095653890E+00
-.5671272467360530E+00
.2239533904880130E+00
.7925979844148650E+00
.2239533904880520E+00
.7925979844149510E+00
-.5671272467359180E+00
.5671272467359560E+00
-.2239533904879880E+00
.7925979844149420E+00
.7925979844149380E+00
-.5671272467359511E+00
.2239533904880140E+00
-.2239533904880400E+00
.7925979844149330E+00
.5671272467359481E+00
.7925979844149070E+00
.5671272467359810E+00
-.2239533904880470E+00
-.2239533904880380E+00
-.7925979844149900E+00
-.5671272467358700E+00
-.7925979844149520E+00
.5671272467359360E+00
.2239533904880050E+00
.2239533904880500E+00
-.7925979844148791E+00
.5671272467360200E+00
-.7925979844148781E+00
-.5671272467360270E+00
-.2239533904880330E+00
-.5671272467359670E+00
-.2239533904880070E+00
-.7925979844149290E+00
.5671272467359780E+00
.2239533904879970E+00
-.7925979844149240E+00
-.6608756503404201E-01
-.5307337939386410E+00
-.8449580307443481E+00
-.5307337939385640E+00
-.8449580307444050E+00
-.6608756503393801E-01
.6608756503400100E-01
.5307337939386150E+00
-.8449580307443680E+00
-.8449580307443810E+00
-.6608756503398400E-01
-.5307337939385970E+00
.5307337939386250E+00
-.8449580307443620E+00
.6608756503400000E-01
-.8449580307444290E+00
.6608756503394300E-01
.5307337939385250E+00
.5307337939386140E+00
.8449580307443740E+00
-.6608756503393801E-01
.8449580307443800E+00
.6608756503393200E-01
-.5307337939386040E+00
-.5307337939386390E+00
.8449580307443550E+00
.6608756503397401E-01
.8449580307443840E+00
-.6608756503398600E-01
.5307337939385910E+00
-.6608756503402601E-01
.5307337939385840E+00
.8449580307443860E+00
.6608756503400399E-01
-.5307337939385089E+00
.8449580307444350E+00
.6566234254592690E+00
-.3208553693050780E+00
-.6825668532284860E+00
-.3208553693049820E+00
-.6825668532284280E+00
.6566234254593770E+00
-.6566234254592740E+00
.3208553693050560E+00
-.6825668532284920E+00
-.6825668532284440E+00
.6566234254593130E+00
-.3208553693050770E+00
.3208553693049670E+00
-.6825668532284750E+00
-.6566234254593351E+00
-.6825668532284180E+00
-.6566234254593410E+00
.3208553693050760E+00
.3208553693050100E+00
.6825668532284710E+00
.6566234254593180E+00
.6825668532284540E+00
-.6566234254593000E+00
-.3208553693050810E+00
-.3208553693049920E+00
.6825668532284720E+00
-.6566234254593259E+00
.6825668532284560E+00
.6566234254593050E+00
.3208553693050690E+00
.6566234254593371E+00
.3208553693050400E+00
.6825668532284380E+00
-.6566234254593390E+00
-.3208553693050600E+00
.6825668532284270E+00
-.5773502691896160E+00
-.5773502691896200E+00
-.5773502691896411E+00
.5773502691896250E+00
.5773502691896060E+00
-.5773502691896460E+00
.5773502691896440E+00
-.5773502691895930E+00
.5773502691896401E+00
-.5773502691896371E+00
.5773502691896250E+00
.5773502691896160E+00
