-.2299529914042510E+00
-.2938275895660800E+00
.9277860579648860E+00
-.1394856607386520E+00
.3460589272916360E+00
.9277860579304170E+00
.3694386536899730E+00
-.5223133802540200E-01
.9277860574980730E+00
-.6463857932537340E+00
-.3658645433951270E+00
.6695734031202381E+00
.6344907059273000E-02
.7427187893625440E+00
.6695734030576830E+00
.6400408861185540E+00
-.3768542462632000E+00
.6695734023764470E+00
.6249181056049230E+00
.4736894374786270E+00
.6205607771268949E+00
.9776803382441800E-01
-.7780396734853140E+00
.6205607770758420E+00
-.7226861394298660E+00
.3043502356671130E+00
.6205607769794420E+00
-.5200516254929460E+00
-.8087156077652830E+00
.2748187995370300E+00
-.4403424498321380E+00
.8547357219344970E+00
.2748187994387310E+00
.9603940739387190E+00
-.4602011211639800E-01
.2748187985276580E+00
.6732787687183460E+00
.6950531831796390E+00
.2521840045382700E+00
.2652943264564970E+00
-.9306031099771940E+00
.2521840043515220E+00
-.9385730978423390E+00
.2355499266806160E+00
.2521840043448260E+00
.8660254032067000E+00
-.5000000010006730E+00
.1161775000000000E-08
.0000000000000000E+00
.1000000000000000E+01
.0000000000000000E+00
-.8660254032067000E+00
-.5000000010006730E+00
-.1161775000000000E-08
.9385730978423390E+00
.2355499266806170E+00
-.2521840043448260E+00
-.2652943264564970E+00
-.9306031099771940E+00
-.2521840043515220E+00
-.6732787687183470E+00
.6950531831796390E+00
-.2521840045382700E+00
-.9603940739387190E+00
-.4602011211639800E-01
-.2748187985276580E+00
.4403424498321380E+00
.8547357219344970E+00
-.2748187994387320E+00
.5200516254929460E+00
-.8087156077652830E+00
-.2748187995370300E+00
.7226861394298660E+00
.3043502356671140E+00
-.6205607769794420E+00
-.9776803382441800E-01
-.7780396734853140E+00
-.6205607770758420E+00
-.6249181056049230E+00
.4736894374786270E+00
-.6205607771268949E+00
-.6400408861185530E+00
-.3768542462632010E+00
-.6695734023764480E+00
-.6344907059274000E-02
.7427187893625440E+00
-.6695734030576830E+00
.6463857932537340E+00
-.3658645433951270E+00
-.6695734031202381E+00
-.3694386536899720E+00
-.5223133802540200E-01
-.9277860574980730E+00
.1394856607386530E+00
.3460589272916360E+00
-.9277860579304170E+00
.2299529914042510E+00
-.2938275895660810E+00
-.9277860579648860E+00
