-.5694055179010850E+00
.5542045613982700E+00
-.6071529134486210E+00
.5694055523855260E+00
.5542048566904479E+00
.6071526115675160E+00
.5542046344968850E+00
-.5694054484879880E+00
.6071529118223580E+00
-.5542046395360630E+00
-.5694058077936340E+00
-.6071525702552700E+00
.5542047982619690E+00
.5694054833886880E+00
-.6071527296078850E+00
-.5694057591145790E+00
-.5542045603725730E+00
.6071526881678060E+00
-.5542047955845680E+00
.5694058487411791E+00
.6071523894134030E+00
.5694057851609480E+00
-.5542048622491710E+00
-.6071523881898370E+00
.7585493682582201E-01
.6250668639900240E+00
-.7768767238763360E+00
-.7585487565776800E-01
.6250672893463251E+00
.7768763876114280E+00
.6250669559548010E+00
.7585502551761200E-01
.7768766412224790E+00
-.6250669482465410E+00
.7585457844217700E-01
-.7768766910772370E+00
.6250672129906620E+00
-.7585496208545001E-01
-.7768764406075790E+00
.7585464646445300E-01
-.6250668586718640E+00
.7768767565063600E+00
-.6250672106024060E+00
-.7585450579654600E-01
.7768764870814980E+00
-.7585459325837100E-01
-.6250672879664660E+00
-.7768764162953170E+00
.6766307228492510E+00
.2640640899647030E+00
-.6873434522039280E+00
-.6766307431054110E+00
.2640645010597260E+00
.6873432743285540E+00
.2640641732525960E+00
.6766307863272670E+00
.6873433577176450E+00
-.2640641283763190E+00
.6766303881516480E+00
-.6873437669278790E+00
.2640644326601570E+00
-.6766308146991480E+00
-.6873432301284690E+00
.6766304674050470E+00
-.2640640447942230E+00
.6873437210203800E+00
-.2640643948916700E+00
-.6766304112164200E+00
.6873436418325229E+00
-.6766304889975280E+00
-.2640644448609560E+00
-.6873435460664790E+00
.5225174094966770E+00
-.8523747562349520E+00
.2080460781382500E-01
-.5225174555819130E+00
-.8523747396784790E+00
-.2080412868275900E-01
-.8523747408012080E+00
.5225174366653630E+00
-.2080455778746900E-01
.8523747193717660E+00
.5225174856105180E+00
.2080420647764100E-01
-.8523747229155120E+00
-.5225174776566960E+00
.2080426105367200E-01
.5225174709083680E+00
.8523747247075600E+00
-.2080435712137800E-01
.8523746942613420E+00
-.5225175382365790E+00
-.2080391352773100E-01
-.5225175080031620E+00
.8523747135820310E+00
.2080388127529500E-01
-.6412720930451550E+00
-.7138145110467050E+00
-.2814941322668020E+00
.6412720618232350E+00
-.7138143828861890E+00
.2814945283833880E+00
-.7138144798722160E+00
-.6412720643629870E+00
.2814942766600960E+00
.7138144968041480E+00
-.6412721987354441E+00
-.2814939276099030E+00
-.7138144076807840E+00
.6412720376355860E+00
-.2814945206110340E+00
-.6412721523756800E+00
.7138145407565090E+00
.2814939217674820E+00
.7138144351043310E+00
.6412721615224010E+00
.2814941688438200E+00
.6412721284426680E+00
.7138144071031890E+00
-.2814943152082000E+00
-.8243557353579201E-01
-.8834093157701020E+00
.4612942195892180E+00
.8243560071959800E-01
-.8834095799674540E+00
-.4612937087753600E+00
-.8834093739438520E+00
-.8243560570992500E-01
-.4612941024328930E+00
.8834093812959580E+00
-.8243535358698600E-01
.4612941334086970E+00
-.8834095379023600E+00
.8243565146373000E-01
.4612937802646920E+00
-.8243540888838401E-01
.8834093255692500E+00
-.4612942302464750E+00
.8834095447997951E+00
.8243538701919401E-01
-.4612938143131930E+00
.8243544640307600E-01
.8834095871068109E+00
.4612937226801370E+00
-.4225331214647060E+00
-.8445436520941491E+00
.3289555911863630E+00
.4225331684359700E+00
-.8445438220582510E+00
-.3289550944957400E+00
-.8445436875846850E+00
-.4225331460912510E+00
-.3289554684377370E+00
.8445436630728000E+00
-.4225329760682770E+00
.3289557497574140E+00
-.8445437782689600E+00
.4225332137671110E+00
.3289551486917730E+00
-.4225330120157230E+00
.8445436283876760E+00
-.3289557926328400E+00
.8445437566815580E+00
.4225330341218140E+00
-.3289554348631680E+00
.4225330705412050E+00
.8445437911132050E+00
.3289552996854670E+00
-.3939680451887820E+00
.3239654038504460E+00
-.8601369637901560E+00
.3939680396136030E+00
.3239658983727390E+00
.8601367800847480E+00
.3239655022420410E+00
-.3939679564556060E+00
.8601369673739500E+00
-.3239655274941100E+00
-.3939684736504400E+00
-.8601367209723150E+00
.3239658203793110E+00
.3939679443062910E+00
-.8601368531141050E+00
-.3939683908979780E+00
-.3239654283983620E+00
.8601367961992580E+00
-.3239658395814200E+00
.3939684617723410E+00
.8601366088668950E+00
.3939683764813610E+00
-.3239659272745810E+00
-.8601366149035640E+00
-.2936081395258110E+00
-.7866422710775200E+00
-.5431281596070980E+00
.2936081793196640E+00
-.7866419729586750E+00
.5431285698766680E+00
-.7866422277267300E+00
-.2936080672959830E+00
.5431282614409270E+00
.7866422649763410E+00
-.2936083370042730E+00
-.5431280616893940E+00
-.7866420432050200E+00
.2936081255164750E+00
-.5431284972204400E+00
-.2936082726164000E+00
.7866423188882350E+00
.5431280184131130E+00
.7866420861019350E+00
.2936083854685660E+00
.5431282945637600E+00
.2936083234142330E+00
.7866420192334200E+00
-.5431284249588210E+00
.9841664392210741E+00
.1426760209158330E+00
-.1051664060740750E+00
-.9841664429774371E+00
.1426760708009100E+00
.1051663032437370E+00
.1426760321222920E+00
.9841664503542660E+00
.1051662866841010E+00
-.1426760793115800E+00
.9841663891577570E+00
-.1051667953512800E+00
.1426760464625700E+00
-.9841664563870550E+00
-.1051662107730300E+00
.9841663986728491E+00
-.1426760869279300E+00
.1051666959747670E+00
-.1426761056817140E+00
-.9841663928464059E+00
.1051667250568980E+00
-.9841664034539780E+00
-.1426761259253240E+00
-.1051665983257220E+00
.3357004212033040E+00
-.8322020457868699E-01
.9382854708210110E+00
-.3357004358573060E+00
-.8322077133138001E-01
-.9382854153104080E+00
-.8322029596300400E-01
.3357003170376170E+00
-.9382854999842390E+00
.8322028393485900E-01
.3357008307250750E+00
.9382853172635151E+00
-.8322067543014899E-01
-.3357003389159220E+00
.9382854585000689E+00
.3357007330923630E+00
.8322018358065400E-01
-.9382853610954680E+00
.8322065570232300E-01
-.3357008586651170E+00
-.9382852742934730E+00
-.3357007512253950E+00
.8322075253959101E-01
.9382853041444540E+00
.9374298036651930E+00
-.2438103711453570E+00
-.2485595826400590E+00
-.9374297921191470E+00
-.2438102048826240E+00
.2485597892712050E+00
-.2438103257062110E+00
.9374298324994120E+00
.2485595184641990E+00
.2438102653068900E+00
.9374297193846139E+00
-.2485600043157960E+00
-.2438102188163330E+00
-.9374298162223220E+00
-.2485596846999030E+00
.9374297510146520E+00
.2438102904464780E+00
.2485598603656910E+00
.2438101493315750E+00
-.9374297044911870E+00
.2485601742445520E+00
-.9374297352671740E+00
.2438101374198860E+00
-.2485600698588020E+00
.1462980300000000E-06
-.3025366460000000E-06
-.9999999999999430E+00
-.1882498310000000E-06
.2466959100000000E-06
.9999999999999520E+00
