.1561349768075740E+00
.9665215731038660E+00
-.2036121748376720E+00
.3369551447886150E+00
-.8949929562269830E+00
.2923163332839440E+00
.4029792628787450E+00
-.2496702439190200E-01
.9148684940376500E+00
.6996220148110820E+00
.4844645972937750E+00
-.5251886236017140E+00
.4458590719127900E+00
.4075899760048940E+00
.7969191298076580E+00
-.9208891297490780E+00
-.2330475194675480E+00
.3124933029362540E+00
-.9714880286654540E+00
.7645351413796900E-01
-.2244234175296000E+00
.2686144801873310E+00
.7270706367520891E+00
-.6318342743208870E+00
-.5002472497166520E+00
-.4767966666500340E+00
-.7227846344675170E+00
-.6000000000000000E-14
-.1000000000000000E+01
-.3000000000000000E-14
-.8660253960929730E+00
.5000000133220091E+00
-.7817164000000001E-08
.8660253960929710E+00
.5000000133220130E+00
.7817174000000001E-08
.3101575900000000E-07
.1397026200000000E-07
.9999999999999990E+00
-.3101576600000000E-07
.1397024300000000E-07
-.9999999999999990E+00
-.1561349768075860E+00
.9665215731038680E+00
.2036121748376540E+00
-.3369551447886230E+00
-.8949929562269801E+00
-.2923163332839450E+00
-.4029792628787500E+00
-.2496702439190100E-01
-.9148684940376480E+00
-.6996220148110750E+00
.4844645972937730E+00
.5251886236017250E+00
-.4458590719127870E+00
.4075899760049020E+00
-.7969191298076560E+00
.9208891297490790E+00
-.2330475194675460E+00
-.3124933029362500E+00
.9714880286654550E+00
.7645351413795599E-01
.2244234175296020E+00
-.2686144801873120E+00
.7270706367520940E+00
.6318342743208890E+00
.5002472497166570E+00
-.4767966666500310E+00
.7227846344675150E+00
.9150997300628541E+00
-.3480439149577750E+00
.2036121737513680E+00
-.6066090525552900E+00
.7393082009511630E+00
-.2923163378333980E+00
.1798675653914840E+00
.3614737493992650E+00
-.9148685082651919E+00
.7693696608417330E+00
.3636581360511870E+00
.5251886185553269E+00
.5759128093266020E+00
.1823302831821690E+00
-.7969191325901590E+00
-.6622696740176820E+00
-.6809895981404250E+00
-.3124932736892990E+00
-.4195333645976980E+00
-.8795600604278420E+00
.2244233857901330E+00
.7639688701606270E+00
-.1309083835718670E+00
.6318342824950990E+00
-.6630416150504740E+00
-.1948285510376130E+00
.7227846514777710E+00
-.9150997300628581E+00
-.3480439149577610E+00
-.2036121737513710E+00
.6066090525552810E+00
.7393082009511660E+00
.2923163378334090E+00
-.1798675653914920E+00
.3614737493992770E+00
.9148685082651860E+00
-.7693696608417270E+00
.3636581360511880E+00
-.5251886185553351E+00
-.5759128093266080E+00
.1823302831821570E+00
.7969191325901570E+00
.6622696740176760E+00
-.6809895981404300E+00
.3124932736893000E+00
.4195333645976930E+00
-.8795600604278440E+00
-.2244233857901320E+00
-.7639688701606270E+00
-.1309083835718680E+00
-.6318342824950990E+00
.6630416150504880E+00
-.1948285510375940E+00
-.7227846514777631E+00
.7589647668271250E+00
-.6184776142221050E+00
-.2036121887834330E+00
-.9435642095320680E+00
.1556847812504200E+00
.2923163207505420E+00
-.2231116745506020E+00
-.3365067331111590E+00
.9148685147331730E+00
.6974765071558200E-01
-.8481227552913760E+00
-.5251885920092160E+00
.1300537072207580E+00
-.5899202657108760E+00
.7969191385214360E+00
.2586194585922650E+00
.9140371513075760E+00
.3124932985953060E+00
.5519546947292160E+00
.8031065630429161E+00
-.2244234019967020E+00
.4953543882680590E+00
-.5961622935515190E+00
-.6318342739761510E+00
-.1627943442533890E+00
.6716251469894560E+00
-.7227846590863020E+00
-.7589647668271300E+00
-.6184776142221010E+00
.2036121887834270E+00
.9435642095320700E+00
.1556847812504260E+00
-.2923163207505320E+00
.2231116745506200E+00
-.3365067331111600E+00
-.9148685147331680E+00
-.6974765071558001E-01
-.8481227552913770E+00
.5251885920092130E+00
-.1300537072207550E+00
-.5899202657108780E+00
-.7969191385214350E+00
-.2586194585922800E+00
.9140371513075670E+00
-.3124932985953210E+00
-.5519546947292190E+00
.8031065630429089E+00
.2244234019967180E+00
-.4953543882680530E+00
-.5961622935515269E+00
.6318342739761480E+00
.1627943442534060E+00
.6716251469894580E+00
.7227846590862960E+00
