.3367369880528990E+00
.6612309348292470E+00
.6703594943773840E+00
.8958763322609220E+00
-.1173802019839060E+00
-.4285177773172720E+00
.1880921938562240E+00
.9581444870049010E+00
.2158250880515720E+00
.6814249260921540E+00
-.6367683413794970E+00
.3608131781367010E+00
.4995658017416800E-01
.4336646616302850E+00
.8996884468250060E+00
.8774107094796340E+00
-.4702822733178710E+00
-.9478939968909800E-01
.2868555174465940E+00
.6158308230592801E+00
-.7338026365996360E+00
.1185846000000000E-08
-.8292390000000000E-09
.1000000000000000E+01
.2562122000000000E-08
.3018960000000000E-09
-.1000000000000000E+01
-.3367372294491810E+00
.6612307785252600E+00
-.6703595272939500E+00
-.8958762861380700E+00
-.1173804283910070E+00
.4285178117257230E+00
-.1880924969883950E+00
.9581444106478640E+00
-.2158251628539380E+00
-.6814247597499320E+00
-.6367685233822989E+00
-.3608131710861920E+00
-.4995674733796100E-01
.4336646381556750E+00
-.8996884488581141E+00
-.8774106053939010E+00
-.4702824584157360E+00
.9478944481723600E-01
-.2868557608419860E+00
.6158306861336820E+00
.7338026563646960E+00
.6612307772291600E+00
.3367372295232770E+00
-.6703595285351800E+00
-.1173804308822000E+00
.8958762880838630E+00
.4285178069753790E+00
.9581444103963410E+00
.1880924970880830E+00
-.2158251638836790E+00
-.6367685234235410E+00
.6814247585700800E+00
-.3608131732416540E+00
.4336646418658920E+00
.4995674425750200E-01
-.8996884472407760E+00
-.4702824628779650E+00
.8774106033156770E+00
.9478944191552099E-01
.6158306847882050E+00
.2868557656571190E+00
.7338026556115470E+00
-.6612309335009400E+00
.3367369895562120E+00
.6703594949324539E+00
.1173802016205340E+00
.8958763320079680E+00
-.4285177779456450E+00
-.9581444871738920E+00
.1880921932497470E+00
.2158250878298890E+00
.6367683418805949E+00
.6814249271229380E+00
.3608131753056390E+00
-.4336646594571700E+00
.4995658296963400E-01
.8996884477172610E+00
.4702822728544530E+00
.8774107096133090E+00
-.9478940075092100E-01
-.6158308228553790E+00
.2868555157191940E+00
-.7338026374460240E+00
.6612309340443410E+00
-.3367369863384590E+00
.6703594960128050E+00
-.1173802026423680E+00
-.8958763332418020E+00
-.4285177750862400E+00
.9581444869690000E+00
-.1880921948832910E+00
.2158250873158600E+00
-.6367683445657960E+00
-.6814249230609770E+00
.3608131782380990E+00
.4336646619336410E+00
-.4995657720314500E-01
.8996884468437540E+00
-.4702822745586930E+00
-.8774107091859500E+00
-.9478939625143100E-01
.6158308240468440E+00
-.2868555218829340E+00
-.7338026340366020E+00
.3367372277805640E+00
-.6612307812086839E+00
-.6703595254852540E+00
.8958762872824479E+00
.1173804290142840E+00
.4285178091625130E+00
.1880924944611700E+00
-.9581444120566830E+00
-.2158251588020480E+00
.6814247613555600E+00
.6367685218083550E+00
-.3608131708315550E+00
.4995674745221500E-01
-.4336646392570520E+00
-.8996884483208880E+00
.8774106047812280E+00
.4702824593677660E+00
.9478944576504500E-01
.2868557643909710E+00
-.6158306829143940E+00
.7338026576790670E+00
-.6612307782796890E+00
-.3367372301626600E+00
-.6703595271777800E+00
.1173804287022240E+00
-.8958762861608320E+00
.4285178115928880E+00
-.9581444103787820E+00
-.1880924972677670E+00
-.2158251638050370E+00
.6367685206230080E+00
-.6814247634999659E+00
-.3608131688735900E+00
-.4336646377891400E+00
-.4995674904797400E-01
-.8996884489398380E+00
.4702824601967730E+00
-.8774106041301750E+00
.9478944767848201E-01
-.6158306827836150E+00
-.2868557608708470E+00
.7338026591648970E+00
-.3367369896932840E+00
-.6612309321300091E+00
.6703594962158620E+00
-.8958763319739630E+00
.1173802022899250E+00
-.4285177778333760E+00
-.1880921960485280E+00
-.9581444857743570E+00
.2158250916039060E+00
-.6814249249351760E+00
.6367683424794790E+00
.3608131783804840E+00
-.4995657909390200E-01
-.4336646614666900E+00
.8996884469638460E+00
-.8774107102503460E+00
.4702822723095290E+00
-.9478939755779600E-01
-.2868555167083310E+00
-.6158308248193700E+00
-.7338026354111100E+00
