-.8934774252263040E+00
.3757729636371000E+00
-.2459527808551150E+00
.3757729636371000E+00
-.2459527808551150E+00
-.8934774252263050E+00
.8934774252263050E+00
-.3757729636371000E+00
-.2459527808551140E+00
-.2459527808551150E+00
-.8934774252263050E+00
.3757729636370990E+00
-.3757729636371000E+00
-.2459527808551150E+00
.8934774252263050E+00
-.2459527808551150E+00
.8934774252263050E+00
-.3757729636371000E+00
-.3757729636371000E+00
.2459527808551150E+00
-.8934774252263050E+00
.2459527808551150E+00
.8934774252263040E+00
.3757729636371000E+00
.3757729636371000E+00
.2459527808551150E+00
.8934774252263040E+00
.2459527808551160E+00
-.8934774252263040E+00
-.3757729636371000E+00
-.8934774252263040E+00
-.3757729636371000E+00
.2459527808551150E+00
.8934774252263040E+00
.3757729636371000E+00
.2459527808551150E+00
-.9507602549076630E+00
.1701230111938150E+00
.2590619592882460E+00
.1701230111938150E+00
.2590619592882460E+00
-.9507602549076630E+00
.9507602549076630E+00
-.1701230111938150E+00
.2590619592882470E+00
.2590619592882460E+00
-.9507602549076630E+00
.1701230111938160E+00
-.1701230111938160E+00
.2590619592882470E+00
.9507602549076630E+00
.2590619592882460E+00
.9507602549076630E+00
-.1701230111938160E+00
-.1701230111938160E+00
-.2590619592882460E+00
-.9507602549076630E+00
-.2590619592882460E+00
.9507602549076630E+00
.1701230111938160E+00
.1701230111938160E+00
-.2590619592882460E+00
.9507602549076630E+00
-.2590619592882460E+00
-.9507602549076630E+00
-.1701230111938160E+00
-.9507602549076630E+00
-.1701230111938150E+00
-.2590619592882460E+00
.9507602549076630E+00
.1701230111938150E+00
-.2590619592882460E+00
-.8199129550951000E-01
.6879645995396440E+00
.7210978693914780E+00
.6879645995396440E+00
.7210978693914780E+00
-.8199129550951000E-01
.8199129550951000E-01
-.6879645995396440E+00
.7210978693914780E+00
.7210978693914790E+00
-.8199129550950900E-01
.6879645995396440E+00
-.6879645995396440E+00
.7210978693914780E+00
.8199129550951099E-01
.7210978693914790E+00
.8199129550951000E-01
-.6879645995396440E+00
-.6879645995396440E+00
-.7210978693914780E+00
-.8199129550951000E-01
-.7210978693914790E+00
.8199129550951000E-01
.6879645995396440E+00
.6879645995396440E+00
-.7210978693914780E+00
.8199129550951099E-01
-.7210978693914790E+00
-.8199129550950900E-01
-.6879645995396440E+00
-.8199129550951000E-01
-.6879645995396440E+00
-.7210978693914780E+00
.8199129550951000E-01
.6879645995396440E+00
-.7210978693914780E+00
.5773502691896260E+00
.5773502691896260E+00
.5773502691896260E+00
-.5773502691896260E+00
-.5773502691896260E+00
.5773502691896260E+00
-.5773502691896260E+00
.5773502691896260E+00
-.5773502691896260E+00
.5773502691896260E+00
-.5773502691896250E+00
-.5773502691896260E+00
-.5773502691896260E+00
-.5773502691896250E+00
-.5773502691896260E+00
.5773502691896260E+00
.5773502691896250E+00
-.5773502691896260E+00
.5773502691896260E+00
-.5773502691896250E+00
.5773502691896270E+00
-.5773502691896260E+00
.5773502691896250E+00
.5773502691896260E+00
