.3462560306958040E+00
-.1179516187141010E+00
.9306955339150990E+00
-.3462561104284540E+00
.1179516871279420E+00
.9306954955809290E+00
-.1179518065053160E+00
-.3462565506344600E+00
.9306953166771920E+00
.1179518078719240E+00
.3462565603227830E+00
.9306953128995440E+00
-.5687428108778060E+00
-.3324925063214040E+00
.7523166542852310E+00
.3324931577845900E+00
-.5687424307443490E+00
.7523166537419210E+00
-.3324931682923530E+00
.5687424265238050E+00
.7523166522886000E+00
.5687428299228720E+00
.3324925678379460E+00
.7523166126996350E+00
-.2184536924160500E-01
-.9997412809528869E+00
.6336481782349000E-02
.2184536520660100E-01
.9997412813065810E+00
.6336439888977000E-02
.9997412961537100E+00
-.2184489441951400E-01
.6335720377333000E-02
-.9997412972270699E+00
.2184485854105500E-01
.6335674711982000E-02
-.2367761183031570E+00
-.7797178574233080E+00
.5796353445197210E+00
.2367761072038910E+00
.7797178705696690E+00
.5796353313693650E+00
.7797180372113121E+00
-.2367756209918750E+00
.5796353058184520E+00
-.7797181290034210E+00
.2367755690836920E+00
.5796352035448660E+00
.1985026942229330E+00
-.8879130327359400E+00
.4149784653254940E+00
-.1985026706368040E+00
.8879130438268640E+00
.4149784528769780E+00
.8879133741879200E+00
.1985028532047260E+00
.4149776586851460E+00
-.8879133786659480E+00
-.1985029409345080E+00
.4149776071384730E+00
-.5891575807966060E+00
-.7398055215458570E+00
.3249325088078360E+00
-.7398058773808600E+00
.5891571396716400E+00
.3249324984772480E+00
.5891575867206840E+00
.7398055329510970E+00
.3249324720990540E+00
.7398059063602520E+00
-.5891571291152931E+00
.3249324516374310E+00
.1978785800000000E-07
.7837437000000000E-08
-.1000000000000000E+01
-.5843573597942450E+00
.8114281417277170E+00
-.1052838385523800E-01
.5843573709762940E+00
-.8114281336548790E+00
-.1052838539533600E-01
.8114275956414601E+00
.5843581037662500E+00
-.1052917823160900E-01
-.8114275317524891E+00
-.5843581916995760E+00
-.1052922160774900E-01
-.9075911026593620E+00
.3640205445714810E+00
-.2092066765269380E+00
.9075911185522930E+00
-.3640204870242450E+00
-.2092067077118430E+00
.3640197711640120E+00
.9075913121991250E+00
-.2092071132212550E+00
-.3640196987341710E+00
-.9075913362242810E+00
-.2092071350219890E+00
.3221855141990330E+00
-.8640241317461650E+00
-.3868575890435530E+00
-.3221854873167180E+00
.8640241377800379E+00
-.3868575979555660E+00
-.8640241517879450E+00
-.3221850836909980E+00
-.3868579028198180E+00
.8640241304177940E+00
.3221851234139510E+00
-.3868579174664940E+00
-.7036934267478120E+00
.4314224365935130E+00
-.5645265647918070E+00
.7036934029284440E+00
-.4314224519840600E+00
-.5645265827213530E+00
.4314225678766550E+00
.7036931154097630E+00
-.5645268525514220E+00
-.4314226241254570E+00
-.7036930806826210E+00
-.5645268528529950E+00
.1554684397424830E+00
-.6884682174277620E+00
-.7084074236171420E+00
-.1554684882666000E+00
.6884681874984750E+00
-.7084074420548270E+00
.6884677571478690E+00
.1554683080656110E+00
-.7084078998394910E+00
-.6884677313060440E+00
-.1554683012123230E+00
-.7084079264579580E+00
.4231163105048940E+00
-.2183756391500130E+00
-.8793660603017101E+00
-.4231163051665310E+00
.2183756272933810E+00
-.8793660658147120E+00
.2183751227039590E+00
.4231163279769320E+00
-.8793661801453070E+00
-.2183750901686350E+00
-.4231163260708720E+00
-.8793661891420030E+00
