.4005646755800930E+00
-.6669276764277120E+00
.6282956430631590E+00
.4005646755809600E+00
-.6669276764272440E+00
-.6282956430631030E+00
.3774258408482310E+00
.6804833111658580E+00
.6280861389051310E+00
-.7779737851409551E+00
-.1343042509593600E-01
.6281531766338510E+00
.3774258408488560E+00
.6804833111656530E+00
-.6280861389049770E+00
-.7779737851410760E+00
-.1343042509570300E-01
-.6281531766337060E+00
.5723697142519490E+00
.2012106405242030E+00
.7949259011675121E+00
.5723697142554880E+00
.2012106405249290E+00
-.7949259011647810E+00
-.4603248257329200E+00
.3950468800822020E+00
.7950088158953180E+00
-.1116960325021340E+00
-.5962863576000240E+00
.7949632545365720E+00
-.4603248257305150E+00
.3950468800839600E+00
-.7950088158958361E+00
-.1116960325009370E+00
-.5962863576021710E+00
-.7949632545351299E+00
-.8559737186790231E+00
-.4701751889928520E+00
.2150448431986710E+00
-.8559737186792330E+00
-.4701751889911300E+00
-.2150448432016010E+00
.8351079593283850E+00
-.5063158637715069E+00
.2150324216477460E+00
.2064477159415800E-01
.9764015510992020E+00
.2149739621835590E+00
.8351079593313400E+00
-.5063158637665029E+00
-.2150324216480530E+00
.2064477159540900E-01
.9764015510985670E+00
-.2149739621863220E+00
.9121314703011600E+00
.3483216142541420E+00
.2160746026946080E+00
.9121314703009100E+00
.3483216142552000E+00
-.2160746026939590E+00
-.7578111221505390E+00
.6156325823541841E+00
.2161453832235620E+00
-.1544901384061340E+00
-.9640609008864360E+00
.2161466551147320E+00
-.7578111221512080E+00
.6156325823536750E+00
-.2161453832226650E+00
-.1544901384076490E+00
-.9640609008863220E+00
-.2161466551141600E+00
-.8197064027031020E+00
.2974092042984010E+00
.4895193342107460E+00
-.8197064027023480E+00
.2974092042972040E+00
-.4895193342127360E+00
.1524249782945260E+00
-.8586524334748710E+00
.4893696194898030E+00
.6674728415400570E+00
.5612092965324070E+00
.4894120261007520E+00
.1524249782938450E+00
-.8586524334752910E+00
-.4893696194892800E+00
.6674728415398949E+00
.5612092965352390E+00
-.4894120260977250E+00
-.6617453014765599E-01
.5387117894081870E+00
.8398872183289650E+00
-.6617453014488800E-01
.5387117894070910E+00
-.8398872183298860E+00
-.4332900911653880E+00
-.3268158132639570E+00
.8399113769312260E+00
.4996117522944160E+00
-.2119307361083360E+00
.8399246752309890E+00
-.4332900911621920E+00
-.3268158132638480E+00
-.8399113769329170E+00
.4996117522929850E+00
-.2119307361088620E+00
-.8399246752317070E+00
.9766893721936200E+00
-.9688121837128801E-01
.1915512980142080E+00
.9766893721948749E+00
-.9688121836849800E-01
-.1915512980092170E+00
-.4047062468408520E+00
.8941505250895380E+00
.1915925161641110E+00
-.5722049273523230E+00
-.7974149471436530E+00
.1916009477680350E+00
-.4047062468401270E+00
.8941505250896160E+00
-.1915925161652780E+00
-.5722049273542610E+00
-.7974149471424220E+00
-.1916009477673640E+00
-.3587427741734120E+00
-.7599974367490649E+00
.5419478924335950E+00
-.3587427741751930E+00
-.7599974367489940E+00
-.5419478924325160E+00
.8376277580295191E+00
.6922006526639900E-01
.5418379107657170E+00
-.4787153201725570E+00
.6907406221562900E+00
.5419492920331470E+00
.8376277580306170E+00
.6922006526659100E-01
-.5418379107639960E+00
-.4787153201743450E+00
.6907406221556640E+00
-.5419492920323630E+00
.1491474962790480E+00
-.3532541522877280E+00
.9235618702854560E+00
.1491474962782510E+00
-.3532541522875800E+00
-.9235618702856420E+00
.2316135390028050E+00
.3060299737788590E+00
.9234180113575360E+00
-.3808481944912120E+00
.4745182114332700E-01
.9234191775260930E+00
.2316135390069240E+00
.3060299737768280E+00
-.9234180113571760E+00
-.3808481944919040E+00
.4745182114410500E-01
-.9234191775257670E+00
.4224690952917890E+00
.8818432505657160E+00
-.2094572628366670E+00
.4224690952918500E+00
.8818432505652810E+00
.2094572628383770E+00
-.9749202216471030E+00
-.7502911669701599E-01
-.2095261154873750E+00
.5523473281954040E+00
-.8068550937352070E+00
-.2095167934771560E+00
-.9749202216466000E+00
-.7502911669676300E-01
.2095261154898090E+00
.5523473281920570E+00
-.8068550937386200E+00
.2095167934728380E+00
-.7018040508321990E+00
-.4334309623936590E+00
-.5653394335034690E+00
-.7018040508336590E+00
-.4334309623951580E+00
.5653394335005070E+00
.7262670951200290E+00
-.3911289598709970E+00
-.5652912906600860E+00
-.2435507052427400E-01
.8245751911654720E+00
-.5652279050561670E+00
.7262670951193380E+00
-.3911289598739080E+00
.5652912906589610E+00
-.2435507052325200E-01
.8245751911668470E+00
.5652279050542049E+00
-.9540554374015560E+00
.2996301426167360E+00
-.1292000000000000E-11
.2173194175789690E+00
-.9761005433576700E+00
-.1503000000000000E-11
.7365534498924360E+00
.6763793428628280E+00
.2074000000000000E-11
-.8695052367500000E-04
.1944929240000000E-03
-.9999999773060541E+00
-.8695052379800000E-04
.1944929225450000E-03
.9999999773060551E+00
