.57735026918962576449
.57735026918962576449
.57735026918962576449
.57735026918962576449
.57735026918962576449
-.57735026918962576449
.57735026918962576449
-.57735026918962576449
.57735026918962576449
-.57735026918962576449
.57735026918962576449
.57735026918962576449
.57735026918962576449
-.57735026918962576449
-.57735026918962576449
-.57735026918962576449
.57735026918962576449
-.57735026918962576449
-.57735026918962576449
-.57735026918962576449
.57735026918962576449
-.57735026918962576449
-.57735026918962576449
-.57735026918962576449
