-.4507219227928070E+00
.8810744624806410E+00
-.1433790078024150E+00
-.3159829117753600E-01
.3256159041418140E+00
.9449739842792330E+00
.1743267148288770E+00
-.8236938830703560E+00
-.5395725933453720E+00
-.4707187609479470E+00
.2620366635222610E+00
-.8424729283850910E+00
.9330683094647551E+00
-.1377535466649850E+00
.3322762258329690E+00
.8826354316645491E+00
.4259292574394160E+00
-.1988440656078080E+00
-.4471751587203110E+00
-.6796315963871750E+00
-.5814939987787370E+00
-.2727688966756800E-01
.7539896654198450E+00
.6563197054257430E+00
-.7000000000000000E-14
.1000000000000000E+01
.5600000000000000E-13
.8660259472558030E+00
-.4999990583319680E+00
.1862348485600000E-04
-.8660259472558730E+00
-.4999990583318470E+00
-.1862348498600000E-04
.4507219227927940E+00
.8810744624806430E+00
.1433790078024420E+00
.3159829117760000E-01
.3256159041419260E+00
-.9449739842791930E+00
-.1743267148289230E+00
-.8236938830703290E+00
.5395725933453990E+00
.4707187609480150E+00
.2620366635222170E+00
.8424729283850670E+00
-.9330683094646600E+00
-.1377535466649680E+00
-.3322762258332430E+00
-.8826354316645810E+00
.4259292574393500E+00
.1988440656078070E+00
.4471751587203350E+00
-.6796315963870510E+00
.5814939987788630E+00
.2727688966755800E-01
.7539896654199280E+00
-.6563197054256480E+00
.5375332367546970E+00
-.8309493820929330E+00
.1434612971619590E+00
.2661908771542940E+00
-.1901889958317330E+00
-.9449711968014400E+00
-.6263236747780661E+00
.5626838952906630E+00
.5395419245925430E+00
-.8412605394481000E-02
-.5386783989708200E+00
.8424694715850010E+00
.3473075048350870E+00
.8768872724959280E+00
-.3323344827427310E+00
.8101179921302450E+00
.5514665053505110E+00
.1989812360584680E+00
-.8121447170343991E+00
-.4749170163773800E-01
.5815199883655490E+00
.6393204318871250E+00
-.4005723079168260E+00
-.6563621039501349E+00
-.5375332367547420E+00
-.8309493820929330E+00
-.1434612971617880E+00
-.2661908771543330E+00
-.1901889958317090E+00
.9449711968014330E+00
.6263236747780800E+00
.5626838952906720E+00
-.5395419245925170E+00
.8412605394504001E-02
-.5386783989708190E+00
-.8424694715850010E+00
-.3473075048351180E+00
.8768872724959080E+00
.3323344827427510E+00
-.8101179921302730E+00
.5514665053504930E+00
-.1989812360584020E+00
.8121447170343470E+00
-.4749170163774900E-01
-.5815199883656200E+00
-.6393204318871391E+00
-.4005723079167870E+00
.6563621039501450E+00
.9883928200440650E+00
-.5009721089461400E-01
-.1434221138664520E+00
.2978403658290440E+00
-.1354633454308110E+00
.9449554479061510E+00
-.8004964693305970E+00
.2609738498170040E+00
-.5395350334324360E+00
.4622565072268600E+00
.2766629467540520E+00
-.8424823650497320E+00
-.5858998270258911E+00
-.7391643270538100E+00
.3322009787795940E+00
-.7231518315849800E-01
-.9773337968208310E+00
-.1989702587738480E+00
-.3649302262920410E+00
.7270709916310210E+00
-.5815442399913560E+00
.6665964914362830E+00
-.3533738632386740E+00
.6563353033203480E+00
-.9883928200440790E+00
-.5009721089467900E-01
.1434221138663310E+00
-.2978403658290110E+00
-.1354633454307500E+00
-.9449554479061700E+00
.8004964693306160E+00
.2609738498169920E+00
.5395350334324140E+00
-.4622565072268830E+00
.2766629467540480E+00
.8424823650497200E+00
.5858998270258290E+00
-.7391643270538720E+00
-.3322009787795630E+00
.7231518315851300E-01
-.9773337968208140E+00
.1989702587739250E+00
.3649302262919780E+00
.7270709916310200E+00
.5815442399913970E+00
-.6665964914360880E+00
-.3533738632387950E+00
-.6563353033204810E+00
