-.3134345515240220E+00
.6659968191579890E+00
.6769099044794480E+00
-.9055052990053020E+00
-.1647909611692000E+00
.3910295290515160E+00
.0000000000000000E+00
-.1000000000000000E+01
.0000000000000000E+00
-.8660254037042130E+00
.5000000001389550E+00
.1181840000000000E-09
.8660254037042130E+00
.5000000001389550E+00
-.1181850000000000E-09
.6411800000000000E-10
-.1308240000000000E-09
.1000000000000000E+01
-.6411800000000000E-10
-.1308240000000000E-09
-.1000000000000000E+01
.3134345515240220E+00
.6659968191579890E+00
-.6769099044794480E+00
.9055052990053020E+00
-.1647909611692000E+00
-.3910295290515160E+00
.4200528886495470E+00
-.6044406938616480E+00
-.6769099041535890E+00
-.5954658081536069E+00
-.7017951115506960E+00
-.3910295292219210E+00
-.4200528886495480E+00
-.6044406938616470E+00
.6769099041535890E+00
.5954658081536069E+00
-.7017951115506970E+00
.3910295292219210E+00
.7334874403016800E+00
-.6155612540992700E-01
.6769099041557940E+00
.3100394907642810E+00
.8665860728253501E+00
.3910295290023030E+00
-.7334874403016800E+00
-.6155612540992700E-01
-.6769099041557950E+00
-.3100394907642810E+00
.8665860728253501E+00
-.3910295290023020E+00
