0.000000000618545
-0.000000000365093
1.000000000000000
-0.631810209519776
0.032598345826095
0.774437348657708
0.344136099533058
0.530864519628463
0.774437348529766
0.287674109849567
-0.563462865009329
0.774437348193989
-0.577959128747442
-0.639755211954011
0.506632523901868
0.843023830686862
-0.180649680746137
0.506632523374061
-0.265064702884958
0.820404893723783
0.506632523273602
0.781474907933375
0.548891832895467
0.296672755829008
0.084616816084279
-0.951223039327834
0.296672755553452
-0.866091725528841
0.402331205975440
0.296672755184602
0.866025403410983
-0.500000000646844
0.000000000388086
0.000000000000000
1.000000000000000
0.000000000000000
-0.866025403410983
-0.500000000646844
-0.000000000388085
0.866091725528841
0.402331205975440
-0.296672755184602
-0.084616816084279
-0.951223039327834
-0.296672755553452
-0.781474907933375
0.548891832895467
-0.296672755829009
0.265064702884957
0.820404893723783
-0.506632523273602
-0.843023830686861
-0.180649680746137
-0.506632523374061
0.577959128747442
-0.639755211954011
-0.506632523901868
-0.287674109849567
-0.563462865009329
-0.774437348193989
-0.344136099533057
0.530864519628463
-0.774437348529766
0.631810209519775
0.032598345826095
-0.774437348657708
-0.000000000618545
-0.000000000365093
-1.000000000000000
