-.7517899346754420E+00
.1272949006495000E-02
.6594014511066240E+00
-.6032906795965149E+00
.5764982256107000E+00
.5510808940434150E+00
.8292027168642550E+00
.4815187022895060E+00
.2838355046331740E+00
.1929221497772790E+00
-.2223601215708270E+00
-.9556866748366430E+00
-.2785159068032990E+00
.9052411651171370E+00
-.3208852172271340E+00
.9082029326210640E+00
-.2508502966092760E+00
-.3350247182963340E+00
-.1180383000000000E-08
-.1000000000000000E+01
.8019140000000000E-09
-.9538905062002850E+00
-.2549696530418640E+00
-.1583773285817010E+00
.9538905065240930E+00
-.2549696528165360E+00
.1583773269941870E+00
-.6673484194806180E+00
.7420156986183140E+00
-.6370863380026701E-01
.6673484197660370E+00
.7420156983236130E+00
.6370863424289699E-01
.7517899351243890E+00
.1272945385680000E-02
-.6594014506017650E+00
.6032906802155370E+00
.5764982243078920E+00
-.5510808947286440E+00
-.8292027178358540E+00
.4815187017533690E+00
-.2838355027042660E+00
-.1929221476618710E+00
-.2223601256037020E+00
.9556866743253440E+00
.2785159082894070E+00
.9052411648797700E+00
.3208852166068780E+00
-.9082029337449300E+00
-.2508502942157560E+00
.3350247170418500E+00
.3499689151173600E+00
-.4731229379223340E+00
-.8085025937270190E+00
.6544766022932410E+00
-.4773086975267520E+00
-.5863759752206860E+00
.6009334766158900E-01
.9648264242313180E+00
-.2559272566020110E+00
-.5349037574243970E+00
.1817068882520940E+00
.8251427616206810E+00
.9382547763725970E+00
.1180583321948510E+00
.3251771898725050E+00
-.4170908818933070E+00
.8873581006471090E+00
.1965471888820070E+00
-.3499689172192330E+00
-.4731229378038720E+00
.8085025928865240E+00
-.6544766056396120E+00
-.4773086935360430E+00
.5863759747341020E+00
-.6009334773821900E-01
.9648264228728560E+00
.2559272617053170E+00
.5349037595027351E+00
.1817068890598570E+00
-.8251427600955050E+00
-.9382547754418750E+00
.1180583315188510E+00
-.3251771928034040E+00
.4170908826335780E+00
.8873580999719139E+00
-.1965471903594120E+00
-.2586532187219840E+00
.6890388490361270E+00
.6769962902141540E+00
.7081871269988101E-01
.6301723165523500E+00
.7732189608271230E+00
.5189334168074180E+00
-.7428979191971929E+00
.4228602494596280E+00
-.3121359671822570E+00
-.2079912208958710E+00
-.9269901779530580E+00
.8468702844430840E+00
.4449622637910350E+00
-.2912375407279200E+00
.2575859597036910E+00
-.8663642772082120E+00
-.4278579349983140E+00
-.2319404896990670E+00
-.5396792353701790E+00
-.8092897701987940E+00
-.3380227449335500E-01
-.8001507819618470E+00
-.5988456665660370E+00
.9757305810332800E+00
.1410060257678400E+00
-.1675324862037720E+00
-.1581939447438740E+00
.2213858014038710E+00
.9622697141566590E+00
.3273114541969330E+00
-.9325273258148710E+00
.1525122898656200E+00
.4658731166399640E+00
.6582666295665131E+00
.5913098033952330E+00
.2586532184202660E+00
.6890388508098130E+00
-.6769962885241920E+00
-.7081871318686500E-01
.6301723189976151E+00
-.7732189587896340E+00
-.5189334158531020E+00
-.7428979194078910E+00
-.4228602502606000E+00
.3121359697953100E+00
-.2079912230947760E+00
.9269901765798170E+00
-.8468702840590310E+00
.4449622636060710E+00
.2912375421272780E+00
-.2575859628888220E+00
-.8663642754862810E+00
.4278579365674660E+00
.2319404899118350E+00
-.5396792373021870E+00
.8092897688494450E+00
.3380227396272400E-01
-.8001507829292250E+00
.5988456653034210E+00
-.9757305813495590E+00
.1410060261325240E+00
.1675324840547800E+00
.1581939460232470E+00
.2213858049295060E+00
-.9622697131352050E+00
-.3273114553648250E+00
-.9325273255225300E+00
-.1525122891466720E+00
-.4658731188562820E+00
.6582666296051720E+00
-.5913098016060350E+00
.6106956263507040E+00
.3121601474694130E+00
.7277409527352410E+00
.7174395636380460E+00
-.8620412351175399E-01
.6912664620943370E+00
-.5912791221392441E+00
-.7720097953035741E+00
.2332163709467640E+00
-.2474130142779580E+00
.2025562254882470E+00
-.9475008052143540E+00
.8049965774007440E+00
-.5926936772352100E+00
.2635745318677400E-01
-.7085281413101900E+00
-.4389146795625170E+00
-.5525773946118870E+00
-.6106956259763699E+00
.3121601478030550E+00
-.7277409529062550E+00
-.7174395616575870E+00
-.8620412414971100E-01
-.6912664640702240E+00
.5912791203472050E+00
-.7720097968218080E+00
-.2332163704643940E+00
.2474130154862340E+00
.2025562225320340E+00
.9475008055308251E+00
-.8049965776032130E+00
-.5926936769196340E+00
-.2635745409933800E-01
.7085281422756620E+00
-.4389146791903680E+00
.5525773936695350E+00
