.7044026423370210E+00
.6752598963332690E+00
-.2187258326595340E+00
-.7044026423370210E+00
.6752598963332690E+00
.2187258326595340E+00
.7044058193927820E+00
-.6752612202358220E+00
.2187115133028260E+00
-.7044058193927820E+00
-.6752612202358220E+00
-.2187115133028260E+00
-.4365051989963940E+00
-.6460493259063900E+00
.6261656967169450E+00
.4365051989963940E+00
-.6460493259063900E+00
-.6261656967169450E+00
-.4365174840022300E+00
.6460516393875180E+00
-.6261547455741781E+00
.4365174840022300E+00
.6460516393875180E+00
.6261547455741781E+00
-.3019667827618300E-01
-.5500873160570180E+00
-.8345610255303511E+00
.3019667827618300E-01
-.5500873160570180E+00
.8345610255303511E+00
-.3017354818132200E-01
.5500907613187950E+00
.8345595912227340E+00
.3017354818132200E-01
.5500907613187950E+00
-.8345595912227340E+00
.6967275791471570E+00
.6968777286836400E+00
.1700944200156900E+00
-.6967275791471570E+00
.6968777286836400E+00
-.1700944200156900E+00
.6967227256081721E+00
-.6968789913913260E+00
-.1701091266761650E+00
-.6967227256081721E+00
-.6968789913913260E+00
.1701091266761650E+00
-.7256352187870730E+00
-.4815007837272070E+00
.4915389349033520E+00
.7256352187870730E+00
-.4815007837272070E+00
-.4915389349033520E+00
-.7256447263692750E+00
.4815001428892110E+00
-.4915255267940100E+00
.7256447263692750E+00
.4815001428892110E+00
.4915255267940100E+00
.1768273358921520E+00
.8559441506059490E+00
.4858926880749950E+00
-.1768273358921520E+00
.8559441506059490E+00
-.4858926880749950E+00
.1768189039459110E+00
-.8559427855373730E+00
-.4858981612374030E+00
-.1768189039459110E+00
-.8559427855373730E+00
.4858981612374030E+00
.9206153704129890E+00
.1606961120655300E-01
-.3901398561477990E+00
-.9206153704129890E+00
.1606961120655300E-01
.3901398561477990E+00
.9206261243582891E+00
-.1607303644077800E-01
.3901143379172450E+00
-.9206261243582891E+00
-.1607303644077800E-01
-.3901143379172450E+00
-.3308849577936720E+00
-.4158293392501740E+00
.8471133957886890E+00
.3308849577936720E+00
-.4158293392501740E+00
-.8471133957886890E+00
-.3309075593481730E+00
.4158272763952110E+00
-.8471055798257831E+00
.3309075593481730E+00
.4158272763952110E+00
.8471055798257831E+00
-.5122677998299749E+00
-.2881913498103700E-01
.8583420988838319E+00
.5122677998299749E+00
-.2881913498103700E-01
-.8583420988838319E+00
-.5122878162838400E+00
.2882069673792000E-01
-.8583301000935920E+00
.5122878162838400E+00
.2882069673792000E-01
.8583301000935920E+00
-.3440750205700770E+00
-.9243597812006800E+00
-.1648374202610970E+00
.3440750205700770E+00
-.9243597812006800E+00
.1648374202610970E+00
-.3440728023394030E+00
.9243594761136720E+00
.1648437612079050E+00
.3440728023394030E+00
.9243594761136720E+00
-.1648437612079050E+00
.2625672258300160E+00
.2825919144356340E+00
-.9226051494629400E+00
-.2625672258300160E+00
.2825919144356340E+00
.9226051494629400E+00
.2625886129145450E+00
-.2825857015218150E+00
.9226009655658500E+00
-.2625886129145450E+00
-.2825857015218150E+00
-.9226009655658500E+00
-.4216724987771270E+00
-.8848223209402580E+00
.1981962768089990E+00
.4216724987771270E+00
-.8848223209402580E+00
-.1981962768089990E+00
-.4216776868348990E+00
.8848218888470990E+00
-.1981871677042220E+00
.4216776868348990E+00
.8848218888470990E+00
.1981871677042220E+00
-.4856772298550150E+00
-.7225271986148490E+00
-.4920082069052690E+00
.4856772298550150E+00
-.7225271986148490E+00
.4920082069052690E+00
-.4856685966261720E+00
.7225265108254000E+00
.4920177389135870E+00
.4856685966261720E+00
.7225265108254000E+00
-.4920177389135870E+00
.7237124671782310E+00
-.1569787079116250E+00
-.6720103794683490E+00
-.7237124671782310E+00
-.1569787079116250E+00
.6720103794683490E+00
.7237307641673870E+00
.1569755718007680E+00
.6719914068315990E+00
-.7237307641673870E+00
.1569755718007680E+00
-.6719914068315990E+00
.1292100066563160E+00
.1251431009401220E+00
.9836889642905250E+00
-.1292100066563160E+00
.1251431009401220E+00
-.9836889642905250E+00
.1291912664367260E+00
-.1251406243667610E+00
-.9836917407448190E+00
-.1291912664367260E+00
-.1251406243667610E+00
.9836917407448190E+00
-.2707011432794900E-01
-.9804717406682990E+00
-.1947880249428820E+00
.2707011432794900E-01
-.9804717406682990E+00
.1947880249428820E+00
-.2706700718618500E-01
.9804717962161010E+00
.1947881771226280E+00
.2706700718618500E-01
.9804717962161010E+00
-.1947881771226280E+00
.9021472527523881E+00
-.3933818632821450E+00
.1771469559207480E+00
-.9021472527523881E+00
-.3933818632821450E+00
-.1771469559207480E+00
.9021446136824490E+00
.3933795294383380E+00
-.1771655774201570E+00
-.9021446136824490E+00
.3933795294383380E+00
.1771655774201570E+00
.7735751090525770E+00
-.3103501204945040E+00
.5525073333118220E+00
-.7735751090525770E+00
-.3103501204945040E+00
-.5525073333118220E+00
.7735642385650719E+00
.3103499228032040E+00
-.5525226639960440E+00
-.7735642385650719E+00
.3103499228032040E+00
.5525226639960440E+00
.9216344184342500E+00
.3344386906148320E+00
.1968267283099490E+00
-.9216344184342500E+00
.3344386906148320E+00
-.1968267283099490E+00
.9216305777918600E+00
-.3344389373668510E+00
-.1968442918958380E+00
-.9216305777918600E+00
-.3344389373668510E+00
.1968442918958380E+00
.1664515941080120E+00
.7676773895407880E+00
-.6188418961307840E+00
-.1664515941080120E+00
.7676773895407880E+00
.6188418961307840E+00
.1664611779139170E+00
-.7676776382479480E+00
.6188390097445090E+00
-.1664611779139170E+00
-.7676776382479480E+00
-.6188390097445090E+00
-.5335867895787910E+00
-.4164910199898130E+00
-.7360844844546340E+00
.5335867895787910E+00
-.4164910199898130E+00
.7360844844546340E+00
-.5335716731081170E+00
.4164893761876700E+00
.7360963722091080E+00
.5335716731081170E+00
.4164893761876700E+00
-.7360963722091080E+00
-.9999999999114449E+00
.5168109600000000E-06
.1329823752300000E-04
.9999999999114449E+00
.5168109600000000E-06
-.1329823752300000E-04
