.9478698680025780E+00
-.8038192699395100E-01
.3083528160168390E+00
-.9478698681329730E+00
-.8038192750614100E-01
-.3083528154824900E+00
-.8038192810235900E-01
.9478698680637140E+00
-.3083528155399660E+00
.8038192691267100E-01
.9478698682335870E+00
.3083528153279110E+00
-.8038192690571300E-01
-.9478698679314050E+00
.3083528162586260E+00
.9478698678966430E+00
.8038192754132500E-01
-.3083528161997910E+00
.8038192713336000E-01
-.9478698680304000E+00
-.3083528158949740E+00
-.9478698682378290E+00
.8038192698206401E-01
.3083528152967810E+00
-.1027793508069740E+00
.5033549331901190E+00
.8579453457422960E+00
.1027793510015960E+00
.5033549332987990E+00
-.8579453456552190E+00
.5033549327767690E+00
-.1027793503963480E+00
-.8579453460340000E+00
-.5033549329664680E+00
-.1027793512886030E+00
.8579453458158141E+00
.5033549334992670E+00
.1027793509235960E+00
.8579453455469490E+00
-.1027793506178390E+00
-.5033549331954260E+00
-.8579453457618400E+00
-.5033549332795290E+00
.1027793510819430E+00
-.8579453456568990E+00
.1027793512695810E+00
-.5033549327668571E+00
.8579453459352040E+00
.8541413706687840E+00
.5199267181711410E+00
-.1089617565193100E-01
-.8541413709525970E+00
.5199267176777160E+00
.1089617694861200E-01
.5199267169742700E+00
.8541413713905370E+00
.1089617618479900E-01
-.5199267186881210E+00
.8541413703563460E+00
-.1089617547526100E-01
.5199267175724650E+00
-.8541413710220250E+00
-.1089617652839600E-01
.8541413711600190E+00
-.5199267173728720E+00
.1089617523502000E-01
-.5199267178860520E+00
-.8541413708378131E+00
.1089617600534200E-01
-.8541413707900600E+00
-.5199267179557870E+00
-.1089617642114100E-01
.2907270687178960E+00
.2217719817834130E+00
-.9307496761270230E+00
-.2907270680095050E+00
.2217719810628660E+00
.9307496765199810E+00
.2217719815529400E+00
.2907270684786190E+00
.9307496762566780E+00
-.2217719815840240E+00
.2907270690803620E+00
-.9307496760613120E+00
.2217719811578950E+00
-.2907270683331360E+00
-.9307496763962489E+00
.2907270696163060E+00
-.2217719814227910E+00
.9307496759323240E+00
-.2217719811941670E+00
-.2907270688121930E+00
.9307496762379690E+00
-.2907270684498940E+00
-.2217719812178200E+00
-.9307496763455000E+00
.3787108189074330E+00
-.8245135612435910E+00
-.4204230048033450E+00
-.3787108188178990E+00
-.8245135616402940E+00
.4204230041060000E+00
-.8245135614369919E+00
.3787108178849070E+00
.4204230053451320E+00
.8245135614655820E+00
.3787108197092580E+00
-.4204230036457140E+00
-.8245135611725650E+00
-.3787108186568920E+00
-.4204230051683210E+00
.3787108182740340E+00
.8245135614800410E+00
.4204230049101870E+00
.8245135616697420E+00
-.3787108193954560E+00
.4204230035279920E+00
-.3787108196521320E+00
.8245135613787530E+00
-.4204230038674570E+00
.6054078616814340E+00
.4562212245957990E+00
.6521836514683750E+00
-.6054078612273380E+00
.4562212247093840E+00
-.6521836518104470E+00
.4562212246771560E+00
.6054078612387400E+00
-.6521836518224070E+00
-.4562212246026610E+00
.6054078607734230E+00
.6521836523064620E+00
.4562212248889180E+00
-.6054078614904350E+00
.6521836514406310E+00
.6054078614493420E+00
-.4562212239958640E+00
-.6521836521034931E+00
-.4562212241345340E+00
-.6054078616688130E+00
-.6521836518027589E+00
-.6054078608128100E+00
-.4562212250328520E+00
.6521836519689680E+00
-.3394040691138000E-01
.7699006564658120E+00
.6372605651946470E+00
.3394040688582000E-01
.7699006566793160E+00
-.6372605649380660E+00
.7699006563594430E+00
-.3394040678681800E-01
-.6372605653297910E+00
-.7699006565026491E+00
-.3394040783744900E-01
.6372605651008220E+00
.7699006565637510E+00
.3394040685811100E-01
.6372605650791600E+00
-.3394040681761500E-01
-.7699006564374190E+00
-.6372605652339450E+00
-.7699006564156010E+00
.3394040683660200E-01
-.6372605652592920E+00
.3394040762233100E-01
-.7699006562077910E+00
.6372605654685080E+00
-.6814280289774350E+00
.6700171872914320E+00
-.2945043464161550E+00
.6814280277076440E+00
.6700171885778980E+00
.2945043464274170E+00
.6700171880160219E+00
-.6814280286073310E+00
.2945043456240140E+00
-.6700171879926450E+00
-.6814280280975760E+00
-.2945043468566760E+00
.6700171873133690E+00
.6814280290357440E+00
-.2945043462313310E+00
-.6814280284266990E+00
-.6700171877476750E+00
.2945043466524700E+00
-.6700171880489050E+00
.6814280276791970E+00
.2945043476967310E+00
.6814280282745190E+00
-.6700171878063090E+00
-.2945043468711890E+00
-.3123837632250210E+00
-.6068845158673640E+00
.7308266339384530E+00
.3123837640481120E+00
-.6068845150565620E+00
-.7308266342599280E+00
-.6068845148285030E+00
-.3123837638803480E+00
-.7308266345210190E+00
.6068845160348521E+00
-.3123837641436360E+00
.7308266334067171E+00
-.6068845151135490E+00
.3123837627730080E+00
.7308266347576350E+00
-.3123837635517970E+00
.6068845158540490E+00
-.7308266338098330E+00
.6068845158965850E+00
.3123837638848280E+00
-.7308266336321600E+00
.3123837638724070E+00
.6068845150263170E+00
.7308266343601471E+00
-.8477586347343080E+00
.3340273216593430E+00
-.4119842783632750E+00
.8477586346345070E+00
.3340273224238700E+00
.4119842779487790E+00
.3340273223688420E+00
-.8477586347022440E+00
.4119842778540090E+00
-.3340273220457440E+00
-.8477586348198241E+00
-.4119842778740180E+00
.3340273216156350E+00
.8477586347591320E+00
-.4119842783476310E+00
-.8477586346001180E+00
-.3340273222638600E+00
.4119842781492760E+00
-.3340273220972120E+00
.8477586343917211E+00
.4119842787132170E+00
.8477586347133560E+00
-.3340273218613860E+00
-.4119842782425760E+00
.9763351505209510E+00
.2076210651666190E+00
.6052410392820000E-01
-.9763351504822680E+00
.2076210652551190E+00
-.6052410424861600E-01
.2076210640013730E+00
.9763351507479190E+00
-.6052410426414400E-01
-.2076210660966270E+00
.9763351502951469E+00
.6052410438041800E-01
.2076210646012030E+00
-.9763351506528180E+00
.6052410374060100E-01
.9763351507350529E+00
-.2076210641434800E+00
-.6052410398421100E-01
-.2076210650440720E+00
-.9763351505608719E+00
-.6052410370460600E-01
-.9763351505137460E+00
-.2076210652120900E+00
.6052410388842800E-01
.4639640000000000E-09
-.3890260000000000E-09
.1000000000000000E+01
-.2894850000000000E-09
.5420070000000000E-09
-.1000000000000000E+01
