.2357544699780400E+00
-.7308507530091980E+00
-.6405286931209730E+00
.7249181252400160E+00
.3927669144329040E+00
-.5658867931179850E+00
-.2357633926602600E+00
.7308491292881230E+00
-.6405272616369400E+00
-.7249230779611240E+00
-.3927706974165440E+00
-.5658778227588460E+00
-.1726336539090050E+00
-.8443695402391060E+00
-.5071860615734900E+00
.7519469515845830E+00
-.1354072357438980E+00
-.6451671585805110E+00
.1726254985761950E+00
.8443719497351140E+00
-.5071848260169490E+00
-.7519470541905390E+00
.1353969049946530E+00
-.6451692071170470E+00
-.5109531139244470E+00
-.8554436364047070E+00
-.8451686403081300E-01
.8273622398155570E+00
-.4565294010229400E+00
-.3271889822854990E+00
.5109557616387320E+00
.8554419076916940E+00
-.8451835429644200E-01
-.8273645798342950E+00
.4565263790900500E+00
-.3271872815843390E+00
-.6248419749010270E+00
.7110746196611990E+00
-.3224056322018360E+00
-.6803188914134850E+00
-.6895890303834520E+00
-.2482602971897400E+00
.6248386666560000E+00
-.7110754684784800E+00
-.3224101716442300E+00
.6803132362875510E+00
.6895897684470420E+00
-.2482737436482430E+00
-.2810152796311870E+00
.8938298604293630E+00
-.3494260912104760E+00
-.9034123643867610E+00
-.3020177475543470E+00
-.3043540373238390E+00
.2810106277777420E+00
-.8938303230663280E+00
-.3494286488585360E+00
.9034090565198940E+00
.3020206855142010E+00
-.3043609405284590E+00
.4096831963183700E+00
-.3073286862056210E+00
-.8588997364590880E+00
.3313155523070670E+00
.4485178901693200E+00
-.8300974081380600E+00
-.4096892715672660E+00
.3073278078739220E+00
-.8588971529060350E+00
-.3313178591927230E+00
-.4485191709032030E+00
-.8300957953828310E+00
.2515521336404340E+00
-.9677737870510680E+00
-.1163705967073700E-01
.9947158002774840E+00
.9514819689318101E-01
.3856549372562300E-01
-.2515532229676780E+00
.9677735001172960E+00
-.1163737450167200E-01
-.9947153868922580E+00
-.9514891344217100E-01
.3857438723505600E-01
-.4618805184384070E+00
-.6719940819637100E+00
.5788698821780400E+00
.6512417035677101E+00
-.3938649310411770E+00
.6486560410804449E+00
.4618903097423930E+00
.6719953832484520E+00
.5788605589076200E+00
-.6512325409269920E+00
.3938712942697170E+00
.6486613763652590E+00
.5021595386000670E+00
.3784378386570410E+00
.7775735335423630E+00
-.3388101279104800E+00
.6252438454188750E+00
.7030489534812649E+00
-.5021666761577440E+00
-.3784328540230530E+00
.7775713500076060E+00
.3388224696699850E+00
-.6252423598306720E+00
.7030443268529410E+00
-.9262770282276960E+00
.6597693607145100E-01
-.3710227902491870E+00
-.1420093298627910E+00
-.9640998415257390E+00
-.2243765714194910E+00
.9262771801737570E+00
-.6597532320103400E-01
-.3710226977125160E+00
.1420102409347010E+00
.9640997888123910E+00
-.2243762212926580E+00
.4226309054386140E+00
.8610246544013410E+00
.2828774686700730E+00
-.8590927511651389E+00
.3050495482409770E+00
.4109798267719330E+00
-.4226258973099360E+00
-.8610244845741341E+00
.2828854677900910E+00
.8590977959943230E+00
-.3050396842395670E+00
.4109766026876990E+00
.9634475250261521E+00
-.2673979272671350E+00
-.1634671264265400E-01
.1162379082187210E+00
.9830012667066480E+00
.1421170586033280E+00
-.9634493736357810E+00
.2673914544885730E+00
-.1634363812944400E-01
-.1162401820139510E+00
-.9830008863383510E+00
.1421178297870480E+00
-.2790354788449180E+00
-.7277204545861800E-01
-.9575194154405210E+00
.6153338259236900E-01
-.2389112721668540E+00
-.9690898032991350E+00
.2790357437653260E+00
.7277661687404000E-01
-.9575189907974150E+00
-.6153640256393200E-01
.2389173999461190E+00
-.9690881008259650E+00
-.2127577616538370E+00
-.2664346236466060E+00
.9400780425998370E+00
.2076188130292050E+00
-.3746838951998790E+00
.9036074408470690E+00
.2127562283226460E+00
.2664299096473270E+00
.9400797256377990E+00
-.2076102240794010E+00
.3746808929482550E+00
.9036106591431950E+00
.8825183313908370E+00
.4681196493289920E+00
.4500431836207400E-01
-.5886829958433411E+00
.8070396884210220E+00
.4625226176317100E-01
-.8825202785215490E+00
-.4681150739346530E+00
.4501372627768700E-01
.5886816889879189E+00
-.8070409911327990E+00
.4624616396763100E-01
-.5691354441932000E-02
.5794389900511950E+00
-.8149957455674650E+00
-.5997549131406770E+00
-.1348125874108860E+00
-.7887455929760880E+00
.5685223634188000E-02
-.5794354453986190E+00
-.8149983084939100E+00
.5997570023764420E+00
.1348029209611180E+00
-.7887456564703060E+00
-.5772451706672600E-01
-.8350948470333310E+00
.5470689870462320E+00
.6819690470976530E+00
.4493500102320000E-03
.7313808972657730E+00
.5773384078470600E-01
.8350963887682070E+00
.5470656497117570E+00
-.6819673023084230E+00
-.4449794965640000E-03
.7313825268458490E+00
.5543192943146830E+00
-.7184780369090300E+00
.4201421550259130E+00
.7854284651719390E+00
.3312649236789070E+00
.5228438356121830E+00
-.5543147270320740E+00
.7184792454493980E+00
.4201461141719880E+00
-.7854302902940240E+00
-.3312685201722550E+00
.5228388151538970E+00
.4597689579721670E+00
.6750229847003280E+00
-.5770238083575480E+00
-.5608440089921750E+00
.5022657472872800E+00
-.6581664809753950E+00
-.4597772420019750E+00
-.6750227449620581E+00
-.5770174880546910E+00
.5608359743923130E+00
-.5022696549598070E+00
-.6581703453772290E+00
-.2302372723133130E+00
.9012132370997959E+00
.3671586846498840E+00
-.9262696808446670E+00
-.5713611328589300E-01
.3725049568884970E+00
.2302385600151650E+00
-.9012135970460360E+00
.3671569936437120E+00
.9262738946167880E+00
.5714587940920700E-01
.3724929806291600E+00
-.9423386896683700E-01
-.6101802082930410E+00
.7866384756335040E+00
.4213180846532630E+00
-.9983888399238100E-01
.9014007259744480E+00
.9424109759569101E-01
.6101831523659540E+00
.7866353259882920E+00
-.4213152571911410E+00
.9984003433925701E-01
.9014019201228159E+00
.7409119271123580E+00
.6132332975939641E+00
.2738511255859360E+00
-.8195949016058270E+00
.5574768864613110E+00
.1322260122787390E+00
-.7409041793322270E+00
-.6132406623083070E+00
.2738555954142780E+00
.8195936677008910E+00
-.5574783500419940E+00
.1322274899521960E+00
.8660930600000000E-07
-.5422220168000000E-05
.9999999999852960E+00
