-.1194014681897920E+00
.3694690498366190E+00
.9215399669069970E+00
.1194015202551460E+00
.3694691349499750E+00
-.9215399260368899E+00
.2609006611862710E+00
-.2877765795491550E+00
-.9214746253997210E+00
-.2609006208364350E+00
-.2877764561181340E+00
.9214746753716300E+00
.3795236243569000E+00
-.8136490126849200E-01
.9215972935054501E+00
-.3795235424645010E+00
-.8136472769914400E-01
-.9215973425534820E+00
.3569442027753400E+00
-.5650696312512610E+00
-.7438327419135570E+00
-.3569442617980920E+00
-.5650695295933660E+00
.7438327908169600E+00
-.3106113256023470E+00
.5919339231340310E+00
.7437303510350420E+00
.3106113961678210E+00
.5919339833955040E+00
-.7437302736020690E+00
-.6677839459836160E+00
-.2680671058268400E-01
-.7438723020480640E+00
.6677839618751970E+00
-.2680661756062800E-01
.7438722911341870E+00
-.1654750192394160E+00
-.9684786496488130E+00
.1861910931868840E+00
.1654750035343000E+00
-.9684786504350600E+00
-.1861911030549230E+00
-.9215697878340630E+00
.3406478370535170E+00
-.1861939238059110E+00
.9215698159898780E+00
.3406477904770960E+00
.1861938696613150E+00
-.7557966030132151E+00
.6278271418020810E+00
.1860230493522630E+00
.7557965464099330E+00
.6278271408033050E+00
-.1860232826975330E+00
-.6555764482087830E+00
-.4590000842898300E-01
.7537325187227740E+00
.6555764155036410E+00
-.4590016710064200E-01
-.7537325375061970E+00
-.3668913087500910E+00
-.5444407727194870E+00
-.7543043235752080E+00
.3668912945488690E+00
-.5444408572547610E+00
.7543042694668750E+00
.2876344860499210E+00
.5903618429051130E+00
.7541480603147340E+00
-.2876345214035380E+00
.5903618561091880E+00
-.7541480364943430E+00
-.7053003919070390E+00
.3090826516740770E+00
-.6379806200895900E+00
.7053003717396520E+00
.3090828000777950E+00
.6379805704878310E+00
-.8493980775398199E-01
-.7653702096614160E+00
.6379605561643730E+00
.8493965613373100E-01
-.7653702051289411E+00
-.6379605817891620E+00
.6203278960012990E+00
.4562105845246600E+00
-.6380166173464999E+00
-.6203278333245370E+00
.4562106354720000E+00
.6380166418559300E+00
.6749766593884861E+00
-.4150527125494290E+00
-.6100309460069390E+00
-.6749766429640039E+00
-.4150526594545580E+00
.6100310003046910E+00
-.2180050569508000E-01
.7921667908344340E+00
.6099151690608400E+00
.2180041116724100E-01
.7921667618067750E+00
-.6099152101411370E+00
-.6965077940005460E+00
-.3772520670815810E+00
-.6103751066181911E+00
.6965078221258350E+00
-.3772520087834910E+00
.6103751105560800E+00
.9532907690045880E+00
.2547616397337250E+00
-.1622751264082860E+00
-.9532907706956480E+00
.2547616119187510E+00
.1622751601418310E+00
.6975166778079270E+00
.6978824855241100E+00
.1625746615511900E+00
-.6975166014955070E+00
.6978825073714510E+00
-.1625748951809440E+00
-.2560493411120130E+00
-.9529270712550220E+00
-.1623845183058760E+00
.2560493858006710E+00
-.9529270482294500E+00
.1623845829622000E+00
-.2095450201260290E+00
.9281956732760430E+00
.3074795548520490E+00
.2095448382235470E+00
.9281957371230520E+00
-.3074794860807180E+00
.6989696845031930E+00
-.6455473896686260E+00
-.3077498137083580E+00
-.6989697266741580E+00
-.6455473523614210E+00
.3077497961854910E+00
.9084502163546490E+00
-.2826599205312340E+00
.3079311184834500E+00
-.9084501934972919E+00
-.2826599212409770E+00
-.3079311852651130E+00
-.3776670906828970E+00
.9214499013471130E+00
-.9109142617454000E-01
.3776671461438990E+00
.9214498711556720E+00
.9109150163829199E-01
.6093527157592510E+00
-.7876569182834610E+00
.9102662729677601E-01
-.6093527568974650E+00
-.7876568912815169E+00
-.9102658555716600E-01
.9867909301028530E+00
-.1340742633584960E+00
-.9092718059867100E-01
-.9867909339448380E+00
-.1340742180183190E+00
.9092720575851600E-01
.6111984237790720E+00
-.6764355900691810E+00
.4109396296997130E+00
-.6111984030763020E+00
-.6764356549367940E+00
-.4109395537146650E+00
-.2804131054662580E+00
.8675835023496010E+00
-.4106913156295970E+00
.2804131444552300E+00
.8675834163391180E+00
.4106914707052910E+00
-.8915578274171480E+00
-.1910747588032970E+00
.4106276621459850E+00
.8915578589023160E+00
-.1910747440597830E+00
-.4106276006456550E+00
-.6254466480856981E+00
.5972472940237040E+00
-.5021077177058010E+00
.6254467217253100E+00
.5972473648138270E+00
.5021075417736740E+00
.2046632106445940E+00
-.8403886263269940E+00
.5018564804292910E+00
-.2046633024566350E+00
-.8403886011465040E+00
-.5018564851534409E+00
.8302021757750340E+00
.2433319398220570E+00
-.5015515072261610E+00
-.8302021659561770E+00
.2433320361445580E+00
.5015514767473180E+00
-.4218410320231590E+00
.1045870533317250E+00
.9006173948892080E+00
.4218410997545840E+00
.1045871145938890E+00
-.9006173560501530E+00
-.1200041348124410E+00
-.4169890790196160E+00
-.9009545580140490E+00
.1200040681466320E+00
-.4169891981542930E+00
.9009545117545600E+00
.3011542632502980E+00
.3128398210147020E+00
.9007981772370880E+00
-.3011541399045780E+00
.3128397901811720E+00
-.9007982291821700E+00
.5179973618942800E+00
.7747265222605501E+00
-.3625983298039860E+00
-.5179975624350310E+00
.7747263922569440E+00
.3625983210825810E+00
.9299412606177050E+00
.6099180559709200E-01
.3626144666870880E+00
-.9299412864213050E+00
.6099181952637200E-01
-.3626143981696670E+00
.4119548373784880E+00
-.8360212527805210E+00
-.3624385145921330E+00
-.4119549201943080E+00
-.8360212082184610E+00
.3624385232513880E+00
.6295033299999999E-07
.9999999999999870E+00
.1510901230000000E-06
.8659764514682460E+00
-.5000847567199960E+00
.1469651889750000E-03
-.8659765119218000E+00
-.5000846520319370E+00
-.1469756749540000E-03
.2555226211320000E-03
.7400391914700000E-04
-.9999999646158040E+00
-.2552680075290000E-03
.7400988538300000E-04
.9999999646803900E+00
