-.8991429666350820E+00
-.7575644213597800E-01
-.4310485900981030E+00
.8991429672095760E+00
-.7575643961982299E-01
.4310485893419530E+00
-.7575644142827800E-01
-.8991429659322140E+00
-.4310485916886240E+00
.7575644075555900E-01
-.8991429671904880E+00
.4310485891821640E+00
-.7575644300592800E-01
.8991429661837180E+00
.4310485908867300E+00
-.8991429664448310E+00
.7575644026994401E-01
.4310485908229090E+00
.7575643966252600E-01
.8991429681706770E+00
-.4310485873296460E+00
.8991429662906770E+00
.7575644042442700E-01
-.4310485911173160E+00
.7230129100428260E+00
.3274084680442670E+00
.6083223051675080E+00
-.7230129102325000E+00
.3274084700465810E+00
-.6083223038643970E+00
.3274084713530270E+00
.7230129084647540E+00
.6083223052622780E+00
-.3274084678479000E+00
.7230129114517370E+00
-.6083223035986550E+00
.3274084699799960E+00
-.7230129089252070E+00
-.6083223054539990E+00
.7230129089252580E+00
-.3274084701775200E+00
-.6083223053476280E+00
-.3274084696207470E+00
-.7230129110988460E+00
.6083223030639050E+00
-.7230129099282110E+00
-.3274084690340090E+00
.6083223047710380E+00
.3104216103224810E+00
-.6465723790948690E+00
.6968375581413490E+00
-.3104216122722700E+00
-.6465723780769410E+00
-.6968375582172750E+00
-.6465723780288770E+00
.3104216106962470E+00
.6968375589639459E+00
.6465723773022620E+00
.3104216127177680E+00
-.6968375587376160E+00
-.6465723791487400E+00
-.3104216094731380E+00
-.6968375584697230E+00
.3104216093019300E+00
.6465723801626110E+00
-.6968375576052540E+00
.6465723790762130E+00
-.3104216112995570E+00
.6968375577233989E+00
-.3104216114469440E+00
.6465723784905780E+00
.6968375582011340E+00
-.5415380629880560E+00
.1427683948732740E+00
-.8284646714015350E+00
.5415380620734980E+00
.1427683910588330E+00
.8284646726566880E+00
.1427683915059350E+00
-.5415380626536520E+00
-.8284646722004130E+00
-.1427683940229640E+00
-.5415380640354220E+00
.8284646708634420E+00
.1427683915753500E+00
.5415380639625320E+00
.8284646713328820E+00
-.5415380620097729E+00
-.1427683936334030E+00
.8284646722546700E+00
-.1427683933160290E+00
.5415380630769200E+00
-.8284646716118060E+00
.5415380633625519E+00
-.1427683905954160E+00
-.8284646718939390E+00
-.9760905110184310E+00
-.1533344257951000E+00
.1540644935274380E+00
.9760905099591040E+00
-.1533344297630870E+00
-.1540644962897220E+00
-.1533344275609510E+00
-.9760905108780890E+00
.1540644926590990E+00
.1533344280237960E+00
-.9760905101385500E+00
-.1540644968838700E+00
-.1533344246704510E+00
.9760905117715341E+00
-.1540644898753980E+00
-.9760905099963449E+00
.1533344299275170E+00
-.1540644958901270E+00
.1533344323894220E+00
.9760905089700870E+00
.1540644999418410E+00
.9760905109988790E+00
.1533344266395060E+00
.1540644928109030E+00
.7987716356734070E+00
.4957623776319480E+00
-.3408570653050160E+00
-.7987716348561160E+00
.4957623786174570E+00
.3408570657868910E+00
.4957623796182890E+00
.7987716339557041E+00
-.3408570664412680E+00
-.4957623807529630E+00
.7987716342773910E+00
.3408570640370840E+00
.4957623787518500E+00
-.7987716351670480E+00
.3408570648627770E+00
.7987716343325120E+00
-.4957623792266570E+00
.3408570661278600E+00
-.4957623800250520E+00
-.7987716344537560E+00
-.3408570646825020E+00
-.7987716345501580E+00
-.4957623800736250E+00
-.3408570643859430E+00
-.4969522524767880E+00
.8667548546934490E+00
-.4212458455088100E-01
.4969522549187840E+00
.8667548534685350E+00
.4212458094599100E-01
.8667548538957890E+00
-.4969522541052230E+00
-.4212458175254600E-01
-.8667548549003160E+00
-.4969522521678250E+00
.4212458393929000E-01
.8667548541860680E+00
.4969522534517030E+00
.4212458348948900E-01
-.4969522535234780E+00
-.8667548541365010E+00
.4212458366262900E-01
-.8667548537306340E+00
.4969522543252430E+00
-.4212458255516200E-01
.4969522531545180E+00
-.8667548543715520E+00
-.4212458317890800E-01
-.6532962864503450E+00
-.6532962846918460E+00
.3826328873973320E+00
.6532962855023680E+00
-.6532962855067630E+00
-.3826328876245150E+00
-.6532962841640850E+00
.6532962865499190E+00
-.3826328881284050E+00
.6532962867404530E+00
.6532962838405070E+00
.3826328883555610E+00
.2912910873228100E+00
.2912910894060390E+00
-.9112074427258250E+00
-.2912910885409310E+00
.2912910872765610E+00
.9112074430171641E+00
.2912910883373620E+00
-.2912910900511360E+00
.9112074421952751E+00
-.2912910895762010E+00
-.2912910879010170E+00
-.9112074424865900E+00
-.1565542315305450E+00
-.1565542341751400E+00
.9751828261160650E+00
.1565542338404290E+00
-.1565542338836870E+00
-.9751828257920300E+00
-.1565542331843130E+00
.1565542324310310E+00
-.9751828261305689E+00
.1565542334997480E+00
.1565542341340880E+00
.9751828258065230E+00
