.9030691906373330E+00
.1042525440180580E+00
-.4166502657954210E+00
.9179578187564830E+00
.1044281422186440E+00
.3826855185352620E+00
-.6186435957027120E+00
.7061014220005610E+00
-.3445299454979290E+00
.6677255840101040E+00
-.5813382604619720E+00
.4649606127204910E+00
-.8178436508354340E+00
.2482048236835000E+00
.5191590587559960E+00
.3837801571527720E+00
.3940005424692140E+00
-.8351505035080560E+00
.9150445196720079E+00
-.3306977482137040E+00
-.2309383604874060E+00
-.6732773383732120E+00
.7393840071458790E+00
-.2985901871673000E-02
-.7627271135710360E+00
.3598712764946250E+00
-.5373453401470280E+00
-.3452980896867400E+00
-.4278460942707490E+00
.8352945282210060E+00
.3805810176992180E+00
-.1122829648382800E-01
-.9246794116476800E+00
-.8870439063975381E+00
.4395108589132250E+00
.1413623465437470E+00
-.5756625003568500E-01
-.9971609887228010E+00
.4853956557485400E-01
-.3444587496372400E-01
-.6974144699470630E+00
-.7158397438019500E+00
-.2849319335537850E+00
.9467618704693760E+00
-.1498524403092230E+00
.6448008310303750E+00
-.1906204643614800E-01
.7641129017941020E+00
-.4325795777557550E+00
.8638682412315730E+00
.2580824881702000E+00
.3491094044922770E+00
-.6554697959015300E+00
.6696879649178810E+00
.6615026909860090E+00
.3969926657727720E+00
-.6362476036425579E+00
.2494391724365800E-01
-.2777325928578180E+00
.9603345291392030E+00
.8250000000000001E-11
.6302700000000000E-10
-.1000000000000000E+01
-.1042525435939100E+00
.9030691907776320E+00
-.4166502655974580E+00
-.1044281422165230E+00
.9179578186029670E+00
.3826855189040830E+00
-.7061014222235640E+00
-.6186435956011090E+00
-.3445299452233320E+00
.5813382601250490E+00
.6677255841814750E+00
.4649606128956390E+00
-.2482048233625660E+00
-.8178436504555020E+00
.5191590595079471E+00
-.3940005431804320E+00
.3837801572277890E+00
-.8351505031380499E+00
.3306977481720590E+00
.9150445197640930E+00
-.2309383601821720E+00
-.7393840071137679E+00
-.6732773384098150E+00
-.2985901569590000E-02
-.3598712763087320E+00
-.7627271135639490E+00
-.5373453402815840E+00
.4278460947558260E+00
-.3452980895831710E+00
.8352945280153590E+00
.1122829591604000E-01
.3805810176946840E+00
-.9246794116564400E+00
-.4395108587857830E+00
-.8870439064071730E+00
.1413623468795180E+00
.9971609887533360E+00
-.5756624974520200E-01
.4853956529207100E-01
.6974144701880910E+00
-.3444587492523700E-01
-.7158397435689769E+00
-.9467618704993130E+00
-.2849319335394750E+00
-.1498524401472920E+00
.1906204654122200E-01
.6448008304484730E+00
.7641129022825220E+00
-.8638682411134290E+00
-.4325795778206340E+00
.2580824884569150E+00
.6554697960142930E+00
.3491094043930390E+00
.6696879648592470E+00
-.3969926650068160E+00
.6615026914811610E+00
-.6362476036056770E+00
.2777325931807980E+00
.2494391711082100E-01
.9603345290492460E+00
-.9030691906656680E+00
-.1042525439316750E+00
-.4166502657556210E+00
-.9179578186507820E+00
-.1044281423441970E+00
.3826855187545490E+00
.6186435956830020E+00
-.7061014222549969E+00
-.3445299450118630E+00
-.6677255839315021E+00
.5813382605386600E+00
.4649606127374870E+00
.8178436508111669E+00
-.2482048235075780E+00
.5191590588783300E+00
-.3837801570502980E+00
-.3940005427072880E+00
-.8351505034428300E+00
-.9150445197703120E+00
.3306977479896850E+00
-.2309383604186850E+00
.6732773382260070E+00
-.7393840072814400E+00
-.2985901495891000E-02
.7627271135998980E+00
-.3598712765000760E+00
-.5373453401024110E+00
.3452980898383390E+00
.4278460942131270E+00
.8352945281878520E+00
-.3805810176636520E+00
.1122829625748800E-01
-.9246794116650660E+00
.8870439063807760E+00
-.4395108589203420E+00
.1413623466268050E+00
.5756624953985000E-01
.9971609887434880E+00
.4853956573790700E-01
.3444587549409600E-01
.6974144699370700E+00
-.7158397437861640E+00
.2849319332620830E+00
-.9467618705948651E+00
-.1498524400710390E+00
-.6448008310632890E+00
.1906204656002200E-01
.7641129017632380E+00
.4325795773511900E+00
-.8638682413609960E+00
.2580824884150920E+00
-.3491094041779560E+00
.6554697961010170E+00
.6696879648864860E+00
-.6615026910387320E+00
-.3969926656759120E+00
-.6362476036481790E+00
-.2494391742023900E-01
.2777325929465930E+00
.9603345291089430E+00
.1042525436336610E+00
-.9030691908035230E+00
-.4166502655313940E+00
.1044281419776600E+00
-.9179578186208470E+00
.3826855189263770E+00
.7061014221696550E+00
.6186435957112830E+00
-.3445299451359860E+00
-.5813382602044510E+00
-.6677255840778020E+00
.4649606129452470E+00
.2482048233437490E+00
.8178436506106210E+00
.5191590592725810E+00
.3940005431722220E+00
-.3837801573585920E+00
-.8351505030818150E+00
-.3306977484791180E+00
-.9150445195706070E+00
-.2309383605091190E+00
.7393840071991610E+00
.6732773383163120E+00
-.2985901507671000E-02
.3598712765226080E+00
.7627271136300260E+00
-.5373453400445550E+00
-.4278460948241310E+00
.3452980898555090E+00
.8352945278677920E+00
-.1122829590036200E-01
-.3805810176394500E+00
-.9246794116793640E+00
.4395108588023010E+00
.8870439064261409E+00
.1413623467091460E+00
-.9971609887505321E+00
.5756624958434600E-01
.4853956554043900E-01
-.6974144701338350E+00
.3444587492120700E-01
-.7158397436220310E+00
.9467618705012490E+00
.2849319335084540E+00
-.1498524401940460E+00
-.1906204615771200E-01
-.6448008304562550E+00
.7641129022855230E+00
.8638682411387010E+00
.4325795777357600E+00
.2580824885145810E+00
-.6554697958975850E+00
-.3491094043237430E+00
.6696879650096000E+00
.3969926654564300E+00
-.6615026915092140E+00
-.6362476032959690E+00
-.2777325933783940E+00
-.2494391696313100E-01
.9603345289959370E+00
