.1670713000124820E+00
-.3257526612678880E+00
.9305763721420330E+00
-.1670713000124240E+00
.3257526612679520E+00
.9305763721420210E+00
-.5514582715988430E+00
-.1815755996163570E+00
.8142014961354330E+00
.5514582715988640E+00
.1815755996164600E+00
.8142014961353951E+00
.9475210509604200E-01
-.7645917828001290E+00
.6375119169508821E+00
-.9475210509600200E-01
.7645917828001850E+00
.6375119169508220E+00
.8167046597223750E+00
-.3191889139536410E+00
.4807410279941320E+00
-.8167046597223649E+00
.3191889139536800E+00
.4807410279941240E+00
-.6655391307167420E+00
-.5883090574625860E+00
.4592930637319570E+00
.6655391307168160E+00
.5883090574626030E+00
.4592930637318280E+00
-.1559263661910150E+00
-.9802757562444090E+00
.1214347975084440E+00
.1559263661909920E+00
.9802757562444150E+00
.1214347975084260E+00
-.5679060004720140E+00
.8141157206744219E+00
.1212368260003840E+00
.5679060004718950E+00
-.8141157206745050E+00
.1212368260003830E+00
.5000000000000000E-13
.1100000000000000E-13
-.1000000000000000E+01
.9809221794234930E+00
-.1940725840289970E+00
-.1129203450984000E-01
-.9809221794235380E+00
.1940725840287700E+00
-.1129203450986400E-01
.3052562244003270E+00
.8517757363044470E+00
-.4257895401578980E+00
-.3052562244003930E+00
-.8517757363044079E+00
-.4257895401579290E+00
-.4377144337720570E+00
.7839384236672180E+00
-.4402801634933890E+00
.4377144337719630E+00
-.7839384236672400E+00
-.4402801634934430E+00
.8263975566823080E+00
.1296228377694060E+00
-.5479644132953519E+00
-.8263975566822940E+00
-.1296228377693820E+00
-.5479644132953770E+00
-.8511577338795240E+00
-.5211550457605290E+00
-.6267320268993699E-01
.8511577338795741E+00
.5211550457604380E+00
-.6267320269001200E-01
.5515515270422420E+00
-.3728915459882360E+00
-.7461520005654840E+00
-.5515515270422000E+00
.3728915459882440E+00
-.7461520005655110E+00
.2774204890937300E+00
.4824270698273590E+00
-.8308441457510450E+00
-.2774204890937410E+00
-.4824270698273010E+00
-.8308441457510760E+00
