.4178762847724170E+00
-.8054090858363580E+00
.4203517753941860E+00
-.4178762847750380E+00
.8054090858330750E+00
.4203517753978710E+00
-.5867077799649010E+00
-.1643437097005830E+00
-.7929471142582640E+00
.5867077799625040E+00
.1643437096941730E+00
-.7929471142613660E+00
.9384177490870240E+00
.3432397200978830E+00
-.3947939646918400E-01
-.9384177490806340E+00
-.3432397201151780E+00
-.3947939647069900E-01
-.6803278983010500E+00
.7200887596909740E+00
-.1364775767662630E+00
.6803278983156550E+00
-.7200887596768170E+00
-.1364775767681550E+00
-.6438168773870880E+00
.7025409287184640E+00
.3032096170423010E+00
.6438168773887580E+00
-.7025409287174100E+00
.3032096170411960E+00
-.3872959594116440E+00
-.1867436259900000E+00
.9028447585136230E+00
.3872959594028640E+00
.1867436259771830E+00
.9028447585200400E+00
.5359803825605221E+00
-.7841622787598500E-01
.8405807068425840E+00
-.5359803825638360E+00
.7841622786539500E-01
.8405807068414590E+00
.7282400248090400E+00
.6842853490743080E+00
.3768324970568000E-01
-.7282400247852610E+00
-.6842853490994520E+00
.3768324970864700E-01
-.3382625271147890E+00
.6886251568876141E+00
-.6413843278810490E+00
.3382625271048180E+00
-.6886251568791790E+00
-.6413843278953650E+00
.6036300982463950E+00
-.4094991272944530E+00
.6840622553804070E+00
-.6036300982488590E+00
.4094991272869690E+00
.6840622553827130E+00
-.6219501127467540E+00
-.7288865617019969E+00
-.2861860189187110E+00
.6219501127510190E+00
.7288865617022560E+00
-.2861860189087830E+00
.8386895587186910E+00
-.2545270749608880E+00
.4814725248735400E+00
-.8386895587190760E+00
.2545270749706370E+00
.4814725248677160E+00
.2698174589536920E+00
-.3324943042361520E+00
-.9036847218440121E+00
-.2698174589588620E+00
.3324943042599150E+00
-.9036847218337259E+00
-.8565887024410630E+00
.4583664855651400E+00
.2369724873503240E+00
.8565887024390790E+00
-.4583664855641910E+00
.2369724873593280E+00
.9152371488440000E-02
-.5124908635777270E+00
.8586439010704570E+00
-.9152371485104000E-02
.5124908635672570E+00
.8586439010767420E+00
.4250054390144500E-01
.9405144607062370E+00
-.3370849343571090E+00
-.4250054388689600E-01
-.9405144607039760E+00
-.3370849343652530E+00
.4837390832810000E-01
-.6467528819943550E+00
-.7611640260975689E+00
-.4837390832944200E-01
.6467528820034970E+00
-.7611640260897160E+00
.8249761527816730E+00
.4901271977177010E+00
.2814066051089480E+00
-.8249761527872630E+00
-.4901271977205670E+00
.2814066050875700E+00
.7794250946587280E+00
.9014133535611100E-01
.6199766620417660E+00
-.7794250946654711E+00
-.9014133535136200E-01
.6199766620339791E+00
.6094285721690670E+00
-.6155340437260500E+00
-.4997145749707820E+00
-.6094285721752110E+00
.6155340437209850E+00
-.4997145749695280E+00
-.2368981902350860E+00
-.9693083433811001E-01
-.9666869507849259E+00
.2368981902349080E+00
.9693083434956100E-01
-.9666869507838221E+00
.7070758370472500E-01
.9914548859558370E+00
.1096250278035900E+00
-.7070758370232100E-01
-.9914548859555140E+00
.1096250278080630E+00
-.2955233357381960E+00
-.4671722972844840E+00
.8333162681023980E+00
.2955233357405930E+00
.4671722972783790E+00
.8333162681049699E+00
.9151048544886580E+00
.2389256984701530E+00
-.3248039653419310E+00
-.9151048544937380E+00
-.2389256984581100E+00
-.3248039653364760E+00
.3251022051167180E+00
.8434651401949320E+00
-.4276389990449790E+00
-.3251022051052350E+00
-.8434651401978390E+00
-.4276389990479740E+00
-.2438531749548730E+00
-.6445277930328460E+00
-.7246513320712500E+00
.2438531749501920E+00
.6445277930349750E+00
-.7246513320709320E+00
.7447279070389270E+00
-.3533077126242530E+00
-.5661748887734590E+00
-.7447279070365870E+00
.3533077126156690E+00
-.5661748887818920E+00
-.8268508239674700E-01
-.2720880285972080E+00
-.9587133470663320E+00
.8268508238549301E-01
.2720880285982070E+00
-.9587133470670181E+00
-.2326945018823470E+00
.9033614118028160E+00
-.3602657747543470E+00
.2326945018953260E+00
-.9033614117988780E+00
-.3602657747558390E+00
-.8802729374867270E+00
.4562715805957150E+00
-.1301376204991310E+00
.8802729374955860E+00
-.4562715805796580E+00
-.1301376204955090E+00
-.4460337630889590E+00
.8913241080950860E+00
-.8121093838395201E-01
.4460337631035960E+00
-.8913241080876519E+00
-.8121093838515100E-01
-.9456507248141590E+00
.1585414488595060E+00
-.2839177973498380E+00
.9456507248144040E+00
-.1585414488437790E+00
-.2839177973578050E+00
.3594537323712140E+00
.9328680307037700E+00
-.2345744178876600E-01
-.3594537323578340E+00
-.9328680307086080E+00
-.2345744180139000E-01
-.8012525602586890E+00
-.1900413706748000E-01
-.5980243953662890E+00
.8012525602538800E+00
.1900413706361700E-01
-.5980243953728560E+00
.3656735013796560E+00
-.5541858199211970E+00
.7477706649682200E+00
-.3656735013838000E+00
.5541858199177671E+00
.7477706649687350E+00
-.1685998333233350E+00
-.8409095418855440E+00
.5142423928160620E+00
.1685998333150140E+00
.8409095418923490E+00
.5142423928076610E+00
-.6969160617176150E+00
-.3938928688490350E+00
.5992965966780450E+00
.6969160617033010E+00
.3938928688536090E+00
.5992965966916830E+00
.9945755288328990E+00
-.8785520511029001E-01
.5568644702069400E-01
-.9945755288335760E+00
.8785520510597999E-01
.5568644701539400E-01
.8485429972612001E-01
-.8063043936501390E+00
.5853827573463980E+00
-.8485429972451400E-01
.8063043936376860E+00
.5853827573637830E+00
.4880061561003090E+00
.6541521236325650E+00
.5778710848928220E+00
-.4880061561196900E+00
-.6541521236189360E+00
.5778710848918830E+00
-.5059860264793080E+00
.2301747354755470E+00
-.8312627335304060E+00
.5059860264812710E+00
-.2301747354879780E+00
-.8312627335257690E+00
.1975882637314370E+00
-.9682879666829830E+00
.1528963427048860E+00
-.1975882637263630E+00
.9682879666811580E+00
.1528963427230020E+00
-.7349788199968140E+00
-.4989705770945160E+00
-.4591671779973570E+00
.7349788199898090E+00
.4989705770939960E+00
-.4591671780091360E+00
.5004326145402300E+00
.4637652561046150E+00
-.7310875361642070E+00
-.5004326145461390E+00
-.4637652561043590E+00
-.7310875361603240E+00
-.4812334256066830E+00
-.8304707788754870E+00
.2805934345504180E+00
.4812334256206610E+00
.8304707788697340E+00
.2805934345434700E+00
.9535775065700870E+00
.9758987077286201E-01
.2848967463592930E+00
-.9535775065726200E+00
-.9758987076763100E-01
.2848967463526100E+00
-.1864110564249210E+00
.2242313318890100E+00
.9565412839192180E+00
.1864110564165430E+00
-.2242313318917200E+00
.9565412839202150E+00
-.6348000000000000E-11
-.3971000000000000E-11
.1000000000000000E+01
