.9794320854900000E+00
.0000000000000000E+00
.2017741061520000E+00
-.3264773618430000E+00
-.4035482123280000E+00
-.8547288298230000E+00
-.9794320854900000E+00
.0000000000000000E+00
-.2017741061520000E+00
-.6529547236470000E+00
.2017741061760000E+00
.7300255741710000E+00
.3264773618430000E+00
.4035482123280000E+00
.8547288298230000E+00
.6529547236470000E+00
-.2017741061760000E+00
-.7300255741710000E+00
.3264773618430000E+00
-.4035482123280000E+00
.8547288298230000E+00
.6529547236470000E+00
.2017741061760000E+00
-.7300255741710000E+00
-.3264773618430000E+00
.4035482123280000E+00
-.8547288298230000E+00
-.6529547236470000E+00
-.2017741061760000E+00
.7300255741710000E+00
.4035482123280000E+00
-.8547288298230000E+00
-.3264773618430000E+00
-.8547288298230000E+00
.3264773618430000E+00
-.4035482123280000E+00
-.4035482123280000E+00
.8547288298230000E+00
.3264773618430000E+00
.8547288298230000E+00
-.3264773618430000E+00
.4035482123280000E+00
-.7300255741710000E+00
-.6529547236470000E+00
.2017741061760000E+00
.2017741061760000E+00
.7300255741710000E+00
.6529547236470000E+00
.7300255741710000E+00
.6529547236470000E+00
-.2017741061760000E+00
-.2017741061760000E+00
-.7300255741710000E+00
-.6529547236470000E+00
-.4035482123280000E+00
-.8547288298230000E+00
.3264773618430000E+00
.8547288298230000E+00
.3264773618430000E+00
.4035482123280000E+00
.4035482123280000E+00
.8547288298230000E+00
-.3264773618430000E+00
-.8547288298230000E+00
-.3264773618430000E+00
-.4035482123280000E+00
.7300255741710000E+00
-.6529547236470000E+00
-.2017741061760000E+00
-.2017741061760000E+00
.7300255741710000E+00
-.6529547236470000E+00
-.7300255741710000E+00
.6529547236470000E+00
.2017741061760000E+00
.2017741061760000E+00
-.7300255741710000E+00
.6529547236470000E+00
.0000000000000000E+00
-.2017741061520000E+00
-.9794320854900000E+00
.0000000000000000E+00
.2017741061520000E+00
.9794320854900000E+00
-.7300255741710000E+00
-.6529547236470000E+00
-.2017741061760000E+00
-.2017741061520000E+00
.9794320854900000E+00
.0000000000000000E+00
.7300255741710000E+00
.6529547236470000E+00
.2017741061760000E+00
.2017741061520000E+00
-.9794320854900000E+00
.0000000000000000E+00
-.8547288298230000E+00
.3264773618430000E+00
.4035482123280000E+00
.8547288298230000E+00
-.3264773618430000E+00
-.4035482123280000E+00
.0000000000000000E+00
-.2017741061520000E+00
.9794320854900000E+00
.0000000000000000E+00
.2017741061520000E+00
-.9794320854900000E+00
.7300255741710000E+00
-.6529547236470000E+00
.2017741061760000E+00
.2017741061520000E+00
.9794320854900000E+00
.0000000000000000E+00
-.7300255741710000E+00
.6529547236470000E+00
-.2017741061760000E+00
-.2017741061520000E+00
-.9794320854900000E+00
.0000000000000000E+00
.8547288298230000E+00
.3264773618430000E+00
-.4035482123280000E+00
-.8547288298230000E+00
-.3264773618430000E+00
.4035482123280000E+00
-.4035482123280000E+00
-.8547288298230000E+00
-.3264773618430000E+00
.2017741061760000E+00
.7300255741710000E+00
-.6529547236470000E+00
.4035482123280000E+00
.8547288298230000E+00
.3264773618430000E+00
-.2017741061760000E+00
-.7300255741710000E+00
.6529547236470000E+00
-.6529547236470000E+00
.2017741061760000E+00
-.7300255741710000E+00
.6529547236470000E+00
-.2017741061760000E+00
.7300255741710000E+00
-.3264773618430000E+00
-.4035482123280000E+00
.8547288298230000E+00
-.4035482123280000E+00
.8547288298230000E+00
-.3264773618430000E+00
.3264773618430000E+00
.4035482123280000E+00
-.8547288298230000E+00
.4035482123280000E+00
-.8547288298230000E+00
.3264773618430000E+00
-.2017741061760000E+00
.7300255741710000E+00
.6529547236470000E+00
.2017741061760000E+00
-.7300255741710000E+00
-.6529547236470000E+00
.6529547236470000E+00
.2017741061760000E+00
.7300255741710000E+00
-.6529547236470000E+00
-.2017741061760000E+00
-.7300255741710000E+00
.3264773618430000E+00
-.4035482123280000E+00
-.8547288298230000E+00
-.3264773618430000E+00
.4035482123280000E+00
.8547288298230000E+00
-.9794320854900000E+00
.0000000000000000E+00
.2017741061520000E+00
.9794320854900000E+00
.0000000000000000E+00
-.2017741061520000E+00
