.3366017408778150E+00
-.3149013209497660E+00
.8874324910110730E+00
-.3366017408778150E+00
.3149013209497660E+00
.8874324910110720E+00
-.1044273318495290E+00
-.4489678550967420E+00
.8874248122813670E+00
.1044273318495290E+00
.4489678550967420E+00
.8874248122813670E+00
-.4410439889128070E+00
-.1340451537732390E+00
.8874187830972410E+00
.4410439889128070E+00
.1340451537732390E+00
.8874187830972410E+00
-.1557527489237280E+00
-.8348481922991310E+00
.5279863416960480E+00
.1557527489237280E+00
.8348481922991310E+00
.5279863416960480E+00
-.6450812290448750E+00
.5523611600015700E+00
.5279842392114300E+00
.6450812290448750E+00
-.5523611600015700E+00
.5279842392114300E+00
-.8009081687653080E+00
-.2825242931796700E+00
.5279451950423730E+00
.8009081687653080E+00
.2825242931796700E+00
.5279451950423730E+00
-.5148913492145351E+00
-.7753714065330189E+00
.3656310714846910E+00
.5148913492145341E+00
.7753714065330199E+00
.3656310714846910E+00
.9289384732748081E+00
-.5823880660116700E-01
.3656248819152510E+00
-.9289384732748081E+00
.5823880660116800E-01
.3656248819152500E+00
-.4140821701604280E+00
.8336067774912670E+00
.3655621655421350E+00
.4140821701604280E+00
-.8336067774912670E+00
.3655621655421350E+00
.0000000000000000E+00
.0000000000000000E+00
-.1000000000000000E+01
.9270454410500670E+00
-.3745937843416490E+00
-.1631707574564500E-01
-.9270454410500670E+00
.3745937843416490E+00
-.1631707574564600E-01
-.1390605443271000E+00
.9901491855497020E+00
-.1633264726589700E-01
.1390605443271010E+00
-.9901491855497020E+00
-.1633264726589800E-01
-.7879098914822920E+00
-.6155735122842551E+00
-.1634790134510200E-01
.7879098914822920E+00
.6155735122842551E+00
-.1634790134510200E-01
-.9330436313657640E+00
-.2642265124432520E+00
-.2441596446791820E+00
.9330436313657640E+00
.2642265124432520E+00
-.2441596446791820E+00
-.2377503131036020E+00
-.9401324988464360E+00
-.2441836874811550E+00
.2377503131036000E+00
.9401324988464370E+00
-.2441836874811560E+00
-.6953452254290790E+00
.6759104930814940E+00
-.2442130684777450E+00
.6953452254290790E+00
-.6759104930814940E+00
-.2442130684777450E+00
-.3459901726781330E+00
.7774308217740750E+00
-.5252543362656250E+00
.3459901726781320E+00
-.7774308217740750E+00
-.5252543362656250E+00
-.8462582681960210E+00
.8903378071819000E-01
-.5252808100443960E+00
.8462582681960210E+00
-.8903378071819000E-01
-.5252808100443960E+00
-.5002430032651480E+00
-.6882932007853700E+00
-.5253659747613040E+00
.5002430032651480E+00
.6882932007853700E+00
-.5253659747613040E+00
-.4017598372367100E+00
.3900826399051760E+00
-.8285074334175530E+00
.4017598372367100E+00
-.3900826399051760E+00
-.8285074334175530E+00
-.1369008273013790E+00
-.5429648119247090E+00
-.8285211985795921E+00
.1369008273013790E+00
.5429648119247090E+00
-.8285211985795921E+00
-.5386861920062430E+00
-.1528447484289010E+00
-.8285262032184130E+00
.5386861920062430E+00
.1528447484289010E+00
-.8285262032184130E+00
