.8457869264225210E+00
-.6344179816702800E-01
-.5297354182401610E+00
-.6344179838924301E-01
-.5297354183578180E+00
.8457869263321620E+00
-.8457869264559500E+00
.6344179845315200E-01
-.5297354181525220E+00
-.5297354183277960E+00
.8457869263637030E+00
-.6344179821942900E-01
.6344179863957899E-01
-.5297354182489890E+00
-.8457869263815470E+00
-.5297354183462810E+00
-.8457869263525341E+00
.6344179821398201E-01
.6344179840361400E-01
.5297354183028490E+00
.8457869263655130E+00
.5297354184680459E+00
-.8457869262548310E+00
-.6344179849980000E-01
-.6344179848955400E-01
.5297354182733230E+00
-.8457869263775590E+00
.5297354184404300E+00
.8457869262641660E+00
.6344179860595200E-01
.8457869263461389E+00
.6344179834346900E-01
.5297354183409840E+00
-.8457869264151190E+00
-.6344179864712300E-01
.5297354181944830E+00
.9299178255594051E+00
-.1961625960372280E+00
.3110837083853850E+00
-.1961625960347830E+00
.3110837084031750E+00
.9299178255539700E+00
-.9299178254913730E+00
.1961625959704160E+00
.3110837086308830E+00
.3110837084122510E+00
.9299178256159960E+00
-.1961625957263530E+00
.1961625961193400E+00
.3110837087008080E+00
-.9299178254365660E+00
.3110837084249660E+00
-.9299178255947910E+00
.1961625958067130E+00
.1961625960628870E+00
-.3110837085283890E+00
.9299178255061540E+00
-.3110837084516190E+00
-.9299178255080260E+00
-.1961625961757560E+00
-.1961625959259820E+00
-.3110837085712580E+00
-.9299178255206920E+00
-.3110837085508030E+00
.9299178254632610E+00
.1961625962306760E+00
.9299178255067601E+00
.1961625962688370E+00
-.3110837083967080E+00
-.9299178254057080E+00
-.1961625962289880E+00
-.3110837087239110E+00
-.8425842437319320E+00
-.4957997245467160E+00
-.2103198168363820E+00
-.4957997242432340E+00
-.2103198164764170E+00
-.8425842440003610E+00
.8425842436124090E+00
.4957997247692230E+00
-.2103198167906840E+00
-.2103198166559050E+00
-.8425842437347980E+00
-.4957997246184040E+00
.4957997245115570E+00
-.2103198168335330E+00
.8425842437533320E+00
-.2103198168535320E+00
.8425842436586920E+00
.4957997246639080E+00
.4957997244429760E+00
.2103198168109940E+00
-.8425842437993130E+00
.2103198166086310E+00
.8425842439828540E+00
-.4957997242169000E+00
-.4957997244594830E+00
.2103198165105120E+00
.8425842438646030E+00
.2103198167713800E+00
-.8425842438786680E+00
.4957997243249200E+00
-.8425842438912799E+00
.4957997243233090E+00
.2103198167246520E+00
.8425842437152991E+00
-.4957997245803320E+00
.2103198168237710E+00
.8967210227265070E+00
.3110783008580400E+00
.3148359860873630E+00
.3110783008831590E+00
.3148359859477640E+00
.8967210227668060E+00
-.8967210227718800E+00
-.3110783010356060E+00
.3148359857826840E+00
.3148359859854750E+00
.8967210227137450E+00
.3110783009979460E+00
-.3110783010382680E+00
.3148359858714130E+00
-.8967210227398040E+00
.3148359860574050E+00
-.8967210226901640E+00
-.3110783009931240E+00
-.3110783009802950E+00
-.3148359860252760E+00
.8967210227058950E+00
-.3148359860388120E+00
-.8967210227565230E+00
.3110783008206510E+00
.3110783010397460E+00
-.3148359857946460E+00
-.8967210227662440E+00
-.3148359860185060E+00
.8967210227421180E+00
-.3110783008827270E+00
.8967210227656630E+00
-.3110783007821180E+00
-.3148359860508540E+00
-.8967210227755350E+00
.3110783009790720E+00
-.3148359858281320E+00
-.9868897831370430E+00
-.1556209757104680E+00
.4278630456866800E-01
-.1556209755644760E+00
.4278630485634600E-01
-.9868897831475920E+00
.9868897831177580E+00
.1556209757922440E+00
.4278630471604700E-01
.4278630482693200E-01
-.9868897831063820E+00
-.1556209758339010E+00
.1556209756898150E+00
.4278630472462100E-01
.9868897831335380E+00
.4278630471529000E-01
.9868897831054040E+00
.1556209758707960E+00
.1556209757056210E+00
-.4278630466119800E-01
-.9868897831337961E+00
-.4278630493883100E-01
.9868897831528500E+00
-.1556209755084530E+00
-.1556209756839000E+00
-.4278630489662900E-01
.9868897831270130E+00
-.4278630487337200E-01
-.9868897831471740E+00
.1556209755624440E+00
-.9868897831582401E+00
.1556209755379020E+00
-.4278630470738600E-01
.9868897831433010E+00
-.1556209756225080E+00
-.4278630474425200E-01
-.6621213446350320E+00
.3966679645705150E+00
-.6358064570780820E+00
.3966679645817440E+00
-.6358064571597870E+00
-.6621213445498469E+00
.6621213446204020E+00
-.3966679643188010E+00
-.6358064572503560E+00
-.6358064571888240E+00
-.6621213446384460E+00
.3966679643873100E+00
-.3966679642673490E+00
-.6358064573562520E+00
.6621213445495390E+00
-.6358064571805569E+00
.6621213446708250E+00
-.3966679643465140E+00
-.3966679643825150E+00
.6358064572229510E+00
-.6621213446085480E+00
.6358064572934530E+00
.6621213444445050E+00
.3966679645433330E+00
.3966679643934260E+00
.6358064572606960E+00
.6621213445657670E+00
.6358064573672020E+00
-.6621213444685280E+00
-.3966679643850220E+00
-.6621213445449560E+00
-.3966679646355030E+00
.6358064571313400E+00
.6621213444876400E+00
.3966679643403730E+00
.6358064573751550E+00
.5813252323810800E+00
-.1063591479769700E+00
-.8066899688472000E+00
-.1063591480100470E+00
-.8066899690223930E+00
.5813252321319170E+00
-.5813252324386921E+00
.1063591482657510E+00
-.8066899687676080E+00
-.8066899689102520E+00
.5813252322786840E+00
-.1063591480584120E+00
.1063591482083880E+00
-.8066899688511270E+00
-.5813252323332910E+00
-.8066899688813940E+00
-.5813252323264920E+00
.1063591480159820E+00
.1063591480180120E+00
.8066899689011460E+00
.5813252322987120E+00
.8066899690639430E+00
-.5813252320668960E+00
-.1063591480502930E+00
-.1063591481404630E+00
.8066899689427770E+00
-.5813252322185370E+00
.8066899689897830E+00
.5813252321533710E+00
.1063591481401200E+00
.5813252322226750E+00
.1063591479927600E+00
.8066899689592690E+00
-.5813252323663960E+00
-.1063591482932380E+00
.8066899688160830E+00
.7360776806079130E+00
.2910569867380820E+00
-.6111264014766690E+00
.2910569864988330E+00
-.6111264015928110E+00
.7360776806060900E+00
-.7360776804538910E+00
-.2910569864401090E+00
-.6111264018040961E+00
-.6111264016179970E+00
.7360776805204000E+00
.2910569866626580E+00
-.2910569864817820E+00
-.6111264014754080E+00
-.7360776807103050E+00
-.6111264014207570E+00
-.7360776806285870E+00
-.2910569868031940E+00
-.2910569866799710E+00
.6111264013316070E+00
.7360776807513290E+00
.6111264013947690E+00
-.7360776807521550E+00
.2910569865452620E+00
.2910569863889960E+00
.6111264017645410E+00
-.7360776805069430E+00
.6111264012913969E+00
.7360776808278310E+00
-.2910569865709260E+00
.7360776806951710E+00
-.2910569866259210E+00
.6111264014249880E+00
-.7360776806182090E+00
.2910569863726250E+00
.6111264016383220E+00
-.5773502691766930E+00
-.5773502690351280E+00
-.5773502693570560E+00
.5773502690443610E+00
.5773502692662730E+00
-.5773502692582430E+00
.5773502691343350E+00
-.5773502692247340E+00
.5773502692098080E+00
-.5773502693139110E+00
.5773502690394210E+00
.5773502692155450E+00
