.1930114860000000E-06
-.7751920799999999E-07
.9999999999999780E+00
-.4814829195064580E+00
-.1170428809076230E+00
.8686052971588309E+00
-.1170426967206310E+00
.4814830642910240E+00
.8686052417210530E+00
.1170427175273070E+00
-.4814833381934830E+00
.8686050870884210E+00
.4814833585492660E+00
.1170426803111950E+00
.8686050808196381E+00
.4472506772637310E+00
.5549962262392450E+00
.7013886373098230E+00
.5549962281218690E+00
-.4472506873092530E+00
.7013886294144630E+00
-.5549961821876780E+00
.4472507622269180E+00
.7013886179890170E+00
-.4472508652947540E+00
-.5549963387950810E+00
.7013884283456280E+00
-.8478632518036689E+00
-.1956250869466000E-02
.5302113534463820E+00
-.1956554633466000E-02
.8478634318755091E+00
.5302110643717750E+00
.1956262369495000E-02
-.8478634975807749E+00
.5302109603805240E+00
.8478635820568350E+00
.1956549795450000E-02
.5302108242337680E+00
.4550074484951610E+00
-.8476274221126560E+00
.2729395081269420E+00
-.8476276597581590E+00
-.4550070664551720E+00
.2729394069913060E+00
.8476273851555910E+00
.4550075814962720E+00
.2729394011776420E+00
-.4550074631136970E+00
.8476274510532370E+00
.2729393938804560E+00
.8300028008904090E+00
-.4964566560986760E+00
.2542167168566970E+00
.4964565517584460E+00
.8300028664627570E+00
.2542167065314960E+00
-.8300027634062780E+00
.4964568292624310E+00
.2542165010707110E+00
-.4964570686062490E+00
-.8300026381931540E+00
.2542164424723450E+00
-.9999999999998710E+00
.4447606950000000E-06
.2451475930000000E-06
-.2762599190000000E-06
-.9999999999999390E+00
.2148395120000000E-06
.9999999999999790E+00
-.1511305550000000E-06
-.1376277010000000E-06
.1195349700000000E-06
.9999999999999930E+00
-.1729267600000000E-07
.4964565924380680E+00
-.8300029241172040E+00
-.2542164388501910E+00
.8300029139410910E+00
.4964565505308450E+00
-.2542165539147930E+00
-.8300030015297080E+00
-.4964563340196760E+00
-.2542166907648270E+00
-.4964561570519930E+00
.8300030510368830E+00
-.2542168747243810E+00
.4550075725717950E+00
.8476273674516051E+00
-.2729394710359500E+00
.8476273717079950E+00
-.4550075627597400E+00
-.2729394741748400E+00
-.4550076943343890E+00
-.8476272913350850E+00
-.2729395044335840E+00
-.8476271152967489E+00
.4550079679106420E+00
-.2729395950600440E+00
-.8478636595098200E+00
.1956721162810000E-02
-.5302106997457779E+00
-.1956402797584000E-02
-.8478636436180550E+00
-.5302107263332290E+00
.8478633884625190E+00
-.1956522345386000E-02
-.5302111339128660E+00
.1956824315732000E-02
.8478633086900860E+00
-.5302112603629781E+00
.4472507402548130E+00
-.5549963222888070E+00
-.7013885211403320E+00
.5549963384217460E+00
.4472506249656330E+00
-.7013885818904561E+00
-.5549963032915241E+00
-.4472506684375230E+00
-.7013885819678930E+00
-.4472504601714900E+00
.5549961646432870E+00
-.7013888244815650E+00
-.1170427365640970E+00
-.4814835244421340E+00
-.8686049812822680E+00
-.4814834186972390E+00
.1170425454601400E+00
-.8686050656494190E+00
.4814830163745360E+00
-.1170428652025590E+00
-.8686052455794030E+00
.1170428210865880E+00
.4814827861362900E+00
-.8686053791489720E+00
-.2537740340000000E-06
-.3120317390000000E-06
-.9999999999999190E+00
