-.6156289423339210E+00
.1008195633550640E+00
.7815602478412730E+00
.3951267761987170E+00
.4827405208135130E+00
.7815602473869220E+00
.2205021660506020E+00
-.5835600880219350E+00
.7815602461965580E+00
-.4164742585347590E+00
.6658869344429950E+00
.6189860923445970E+00
-.3684378761516490E+00
-.6936207556288800E+00
.6189860893248600E+00
.7849121331270050E+00
.2773382046045800E-01
.6189860890784880E+00
-.9753444939429849E+00
.2176679667586930E+00
.3638371039680900E-01
.6761782314481880E+00
.7358391298492950E+00
.3638370924238100E-01
.2991662611656320E+00
-.9535070916939770E+00
.3638370884709700E-01
.7506752044088399E+00
-.5662857931564620E+00
.3403044783056840E+00
.1150802794034220E+00
.9332466938773990E+00
.3403044778714140E+00
-.8657554869972310E+00
-.3669608990989080E+00
.3403044743559930E+00
.2031526000000000E-08
-.1957257000000000E-08
.1000000000000000E+01
-.2031525000000000E-08
-.1957257000000000E-08
-.1000000000000000E+01
.8657554869972310E+00
-.3669608990989070E+00
-.3403044743559920E+00
-.1150802794034210E+00
.9332466938773980E+00
-.3403044778714150E+00
-.7506752044088399E+00
-.5662857931564620E+00
-.3403044783056840E+00
-.2991662611656320E+00
-.9535070916939770E+00
-.3638370884709700E-01
-.6761782314481870E+00
.7358391298492950E+00
-.3638370924238000E-01
.9753444939429849E+00
.2176679667586940E+00
-.3638371039681000E-01
-.7849121331270040E+00
.2773382046045900E-01
-.6189860890784890E+00
.3684378761516490E+00
-.6936207556288810E+00
-.6189860893248590E+00
.4164742585347590E+00
.6658869344429950E+00
-.6189860923445970E+00
-.2205021660506030E+00
-.5835600880219350E+00
-.7815602461965580E+00
-.3951267761987180E+00
.4827405208135130E+00
-.7815602473869220E+00
.6156289423339210E+00
.1008195633550640E+00
-.7815602478412730E+00
