0
1.
0
0
.30901699437494742410
.95105651629515357210
0
-.80901699437494742410
-.58778525229247312918
0
-.80901699437494742410
.58778525229247312918
0
.30901699437494742410
-.95105651629515357210
.70710678118654752440
.70710678118654752440
0
.70710678118654752440
.21850801222441053540
.67249851196395732695
.70710678118654752440
-.57206140281768429760
-.41562693777745342860
.70710678118654752440
-.57206140281768429760
.41562693777745342860
.70710678118654752440
.21850801222441053540
-.67249851196395732695
-.70710678118654752440
.70710678118654752440
0
-.70710678118654752440
.21850801222441053540
-.67249851196395732695
-.70710678118654752440
-.57206140281768429760
.41562693777745342860
-.70710678118654752440
-.57206140281768429760
-.41562693777745342860
-.70710678118654752440
.21850801222441053540
.67249851196395732695
