.9567950992726920E+00
-.2905184717856280E+00
-.1192290061612900E-01
-.2133150055389230E+00
-.9164086825419860E+00
-.3386618298149230E+00
-.1337119530062780E+00
-.4111455256090070E+00
.9017097484196011E+00
.7290548724176840E+00
-.3320988574899070E+00
-.5984892161584310E+00
.4167779984312290E+00
-.5673437007508630E+00
-.7102233629232250E+00
.3468686928934840E+00
-.8839198207848700E+00
-.3136365098549760E+00
.4018870000000000E-09
-.5726550000000000E-09
.1000000000000000E+01
.1084500000000000E-09
-.9023700000000000E-09
-.1000000000000000E+01
-.9567950992283401E+00
-.2905184719223860E+00
.1192290084305200E-01
.2133150053067760E+00
-.9164086823761241E+00
.3386618304099630E+00
.1337119529174540E+00
-.4111455259821550E+00
-.9017097482626310E+00
-.7290548725745810E+00
-.3320988569591650E+00
.5984892162618120E+00
-.4167779986674710E+00
-.5673437002428890E+00
.7102233631903730E+00
-.3468686932713910E+00
-.8839198205357980E+00
.3136365101389820E+00
-.7299939263900360E+00
.6833496263788290E+00
.1192290071979800E-01
-.6869756967299629E+00
-.6429405544164560E+00
.3386618307235740E+00
-.2892064934905710E+00
-.3213707112535830E+00
-.9017097482401170E+00
-.6521334830115439E+00
.4653306118275790E+00
.5984892163033541E+00
-.6997230563387330E+00
.7726848438776100E-01
.7102233632797510E+00
-.9389313663220500E+00
-.1415628094886420E+00
.3136365098426690E+00
.7299939266218860E+00
.6833496261277660E+00
-.1192290091389800E-01
.6869756964900430E+00
-.6429405548479200E+00
-.3386618303911300E+00
.2892064935827170E+00
-.3213707109769530E+00
.9017097483091540E+00
.6521334830395190E+00
.4653306117417810E+00
-.5984892163395800E+00
.6997230564367710E+00
.7726848426540900E-01
-.7102233631964729E+00
.9389313661789490E+00
-.1415628100710650E+00
-.3136365100081900E+00
.2268011732551900E+00
-.9738680979805950E+00
-.1192290005523700E-01
-.9002907020661990E+00
-.2734681276961440E+00
-.3386618297173680E+00
-.4229184459459390E+00
-.8977481425127200E-01
.9017097486468810E+00
.7692138866225499E-01
-.7974294691935230E+00
-.5984892159663420E+00
-.2829450585915700E+00
-.6446121849419441E+00
-.7102233626423350E+00
-.5920626732894780E+00
-.7423570102055330E+00
-.3136365098262930E+00
.2268011733504940E+00
.9738680979557780E+00
.1192290026946200E-01
-.9002907015244950E+00
.2734681283293260E+00
.3386618306461290E+00
-.4229184461335970E+00
.8977481418928700E-01
-.9017097485650371E+00
.7692138898146200E-01
.7974294690612660E+00
.5984892161015350E+00
-.2829450580898730E+00
.6446121847063130E+00
.7102233630560690E+00
-.5920626723566140E+00
.7423570110163950E+00
.3136365096680380E+00
-.2268011730684180E+00
-.9738680980175221E+00
.1192290059185100E-01
.9002907020685630E+00
-.2734681275574340E+00
.3386618298230930E+00
.4229184462900400E+00
-.8977481479749000E-01
-.9017097484311100E+00
-.7692138907890300E-01
-.7974294689279430E+00
.5984892162666510E+00
.2829450583188880E+00
-.6446121847259170E+00
.7102233629470390E+00
.5920626731906630E+00
-.7423570102155540E+00
.3136365099891110E+00
-.2268011729898500E+00
.9738680980332290E+00
-.1192290080346600E-01
.9002907016148990E+00
.2734681279350880E+00
-.3386618307241470E+00
.4229184465024800E+00
.8977481461746201E-01
.9017097483493950E+00
-.7692138913040100E-01
.7974294688194470E+00
-.5984892164045940E+00
.2829450580206100E+00
.6446121844018941E+00
-.7102233633599589E+00
.5920626724652770E+00
.7423570108489820E+00
-.3136365098591650E+00
-.7299939258773110E+00
-.6833496269400789E+00
-.1192289994449200E-01
-.6869756969772510E+00
.6429405545073240E+00
-.3386618300494380E+00
-.2892064924824670E+00
.3213707109053250E+00
.9017097486875670E+00
-.6521334838363370E+00
-.4653306110265150E+00
-.5984892160274670E+00
-.6997230568994570E+00
-.7726848367365900E-01
-.7102233628050070E+00
-.9389313662843470E+00
.1415628100953670E+00
-.3136365096816900E+00
.9567950995655200E+00
.2905184708458440E+00
.1192290001630800E-01
-.2133150046378750E+00
.9164086826613420E+00
.3386618300594960E+00
-.1337119533509640E+00
.4111455248047300E+00
-.9017097487352090E+00
.7290548722064870E+00
.3320988580474150E+00
.5984892161063440E+00
.4167779982338100E+00
.5673437010339910E+00
.7102233628129050E+00
.3468686936950050E+00
.8839198205891300E+00
.3136365095201800E+00
.7299939259857050E+00
-.6833496268208710E+00
.1192290014023200E-01
.6869756969157280E+00
.6429405547334450E+00
.3386618297449520E+00
.2892064926629840E+00
.3213707105474530E+00
-.9017097487572160E+00
.6521334837107130E+00
-.4653306111597260E+00
.5984892160607790E+00
.6997230569723690E+00
-.7726848377117100E-01
.7102233627225640E+00
.9389313661910730E+00
.1415628104097010E+00
.3136365098190460E+00
-.9567950994685610E+00
.2905184711559390E+00
-.1192290024120800E-01
.2133150046725170E+00
.9164086824439990E+00
-.3386618306257990E+00
.1337119533758350E+00
.4111455251403250E+00
.9017097485785019E+00
-.7290548722517650E+00
.3320988577592750E+00
-.5984892162110760E+00
-.4167779982931060E+00
.5673437006576980E+00
-.7102233630787010E+00
-.3468686938134020E+00
.8839198204314130E+00
-.3136365098337310E+00
