.57735026918962576449
.57735026918962576449
.57735026918962576449
.57735026918962576449
.57735026918962576449
-.57735026918962576449
.57735026918962576449
-.57735026918962576449
.57735026918962576449
-.57735026918962576449
.57735026918962576449
.57735026918962576449
.57735026918962576449
-.57735026918962576449
-.57735026918962576449
-.57735026918962576449
.57735026918962576449
-.57735026918962576449
-.57735026918962576449
-.57735026918962576449
.57735026918962576449
-.57735026918962576449
-.57735026918962576449
-.57735026918962576449
0
.356822089773089932
.934172358962715698
0
-.356822089773089932
.934172358962715698
0
.356822089773089932
-.934172358962715698
0
-.356822089773089932
-.934172358962715698
.934172358962715698
0
.356822089773089932
.934172358962715698
0
-.356822089773089932
-.934172358962715698
0
.356822089773089932
-.934172358962715698
0
-.356822089773089932
.356822089773089932
.934172358962715698
0
-.356822089773089932
.934172358962715698
0
.356822089773089932
-.934172358962715698
0
-.356822089773089932
-.934172358962715698
0
