.3205074245494370E+00
-.5856409579160941E+00
-.7445130349562770E+00
-.5856409579289800E+00
-.7445130349404830E+00
.3205074245625790E+00
-.3205074245531680E+00
.5856409579212740E+00
-.7445130349505970E+00
-.7445130349500499E+00
.3205074245483560E+00
-.5856409579246020E+00
.5856409579158010E+00
-.7445130349503400E+00
-.3205074245637640E+00
-.7445130349428440E+00
-.3205074245466600E+00
.5856409579346910E+00
.5856409579309150E+00
.7445130349432230E+00
.3205074245526790E+00
.7445130349453950E+00
-.3205074245518310E+00
-.5856409579286180E+00
-.5856409579203010E+00
.7445130349478760E+00
-.3205074245612650E+00
.7445130349513710E+00
.3205074245506990E+00
.5856409579216409E+00
.3205074245574630E+00
.5856409579187590E+00
.7445130349507260E+00
-.3205074245453000E+00
-.5856409579241120E+00
.7445130349517510E+00
-.7194788932546140E+00
.1300907853195590E+00
.6822217452823220E+00
.1300907853128450E+00
.6822217452862930E+00
-.7194788932520620E+00
.7194788932608190E+00
-.1300907853139950E+00
.6822217452768380E+00
.6822217452740980E+00
-.7194788932649751E+00
.1300907853053830E+00
-.1300907853107140E+00
.6822217452788359E+00
.7194788932595180E+00
.6822217452846230E+00
.7194788932530380E+00
-.1300907853162080E+00
-.1300907853172720E+00
-.6822217452810569E+00
-.7194788932562260E+00
-.6822217452739650E+00
.7194788932647850E+00
.1300907853071310E+00
.1300907853214070E+00
-.6822217452842230E+00
.7194788932524760E+00
-.6822217452869820E+00
-.7194788932530730E+00
-.1300907853036420E+00
-.7194788932635739E+00
-.1300907853201270E+00
-.6822217452727630E+00
.7194788932540680E+00
.1300907853149750E+00
-.6822217452837710E+00
.9366951224011750E+00
-.2341563516135430E+00
.2603325770411430E+00
-.2341563516106850E+00
.2603325770455680E+00
.9366951224006600E+00
-.9366951223978710E+00
.2341563516193700E+00
.2603325770477890E+00
.2603325770498450E+00
.9366951224020190E+00
-.2341563516004920E+00
.2341563516026160E+00
.2603325770524280E+00
-.9366951224007700E+00
.2603325770399830E+00
-.9366951224045320E+00
.2341563516014010E+00
.2341563516183350E+00
-.2603325770498640E+00
.9366951223975530E+00
-.2603325770540470E+00
-.9366951224002370E+00
-.2341563516029480E+00
-.2341563516161920E+00
-.2603325770483890E+00
-.9366951223984989E+00
-.2603325770395590E+00
.9366951224028019E+00
.2341563516087960E+00
.9366951224021550E+00
.2341563516003860E+00
-.2603325770494520E+00
-.9366951224046220E+00
-.2341563516066030E+00
-.2603325770349820E+00
-.1612892986227340E+00
-.9405239668440860E+00
.2989990467236490E+00
-.9405239668436820E+00
.2989990467281080E+00
-.1612892986168250E+00
.1612892986246800E+00
.9405239668416721E+00
.2989990467301930E+00
.2989990467156580E+00
-.1612892986095550E+00
-.9405239668488869E+00
.9405239668483250E+00
.2989990467163570E+00
.1612892986115370E+00
.2989990467220220E+00
.1612892986146290E+00
.9405239668459940E+00
.9405239668413931E+00
-.2989990467330440E+00
-.1612892986210230E+00
-.2989990467281740E+00
.1612892986136180E+00
-.9405239668442110E+00
-.9405239668469130E+00
-.2989990467116270E+00
.1612892986285330E+00
-.2989990467128180E+00
-.1612892986188100E+00
.9405239668482031E+00
-.1612892986134390E+00
.9405239668467510E+00
-.2989990467202810E+00
.1612892986096630E+00
-.9405239668443930E+00
-.2989990467297350E+00
-.5773502691934130E+00
-.5773502691930960E+00
-.5773502691823690E+00
.5773502691893500E+00
.5773502691899070E+00
-.5773502691896200E+00
.5773502691950650E+00
-.5773502691929711E+00
.5773502691808410E+00
-.5773502691865730E+00
.5773502691964429E+00
.5773502691858620E+00
