.1832563474883840E+00
.9055852803096280E+00
-.3825341961076800E+00
-.1402726785408310E+00
.8886514320920640E+00
.4366030323940780E+00
.8639927624702169E+00
-.3033755714795280E+00
.4018454541593740E+00
-.8675559780310110E+00
-.3275969331034060E+00
-.3742016493869300E+00
.7177520126566350E+00
-.5947651996920660E+00
-.3620585664814560E+00
-.6642779938542320E+00
-.6474468487000860E+00
.3735603364776900E+00
.3173573320367300E+00
.4243078329981740E+00
-.8480844218937890E+00
-.3791450275700420E+00
.4732766850544530E+00
.7951466704028760E+00
.4775558996855450E+00
-.2834568894088100E-01
.8781439999191460E+00
-.4649145542618690E+00
-.1444842833411000E-01
-.8852376517942300E+00
.1787105492776050E+00
-.4352728277797060E+00
-.8823831962212080E+00
-.2194445812850320E+00
-.3355652207666260E+00
.9161004630260170E+00
-.6305924385618130E+00
-.5491657205554440E+00
-.5484251888776500E+00
.6319127391026950E+00
-.5524481173366840E+00
.5435874978426950E+00
-.7808170324583120E+00
-.3461566264025770E+00
.5200964831842090E+00
.7721977966080790E+00
-.2843745006112590E+00
-.5681916105643630E+00
-.1025506167568780E+00
.8077532879491020E+00
-.5805325114153380E+00
.1102635670534130E+00
.7663263966832440E+00
.6329184777893070E+00
.7884618147390520E+00
.5042849293405450E+00
.3521713741041460E+00
-.7690332733373541E+00
.5149819863957040E+00
-.3786573361074230E+00
.8437705404506490E+00
.5037092281999640E+00
-.1852789477890460E+00
-.8160103800221050E+00
.5505826572472940E+00
.1760278308526490E+00
.5397175046445000E-01
-.9494274846248680E+00
.3093129508939110E+00
-.7550964835928000E-02
-.9557489463780110E+00
-.2940866104183730E+00
-.9597327879226770E+00
-.2083258534218660E+00
.1884497667343100E+00
.9487693087529300E+00
-.2132675799749990E+00
-.2331388815708270E+00
-.6948772217156201E+00
-.7005265611241520E+00
-.1625059503536730E+00
.6988946459457220E+00
-.6979026017192020E+00
.1564552088681380E+00
.2673732706818130E+00
.9298889811669020E+00
.2526222809438840E+00
-.2217165877323110E+00
.9556296389190710E+00
-.1939426408599890E+00
-.2850116533455040E+00
-.7569918315935640E+00
-.5879895614361560E+00
.2696238880651010E+00
-.7268681273049850E+00
.6316373045449440E+00
-.8582928293627430E+00
.5502981103425200E-01
.5102010769902710E+00
.8081361800953040E+00
.1189739685664370E+00
-.5768544957131930E+00
-.4451193777833260E+00
.5668986190637060E+00
-.6931772466155020E+00
.4323604437438800E+00
.5576509167569500E+00
.7085830238763340E+00
.4426542151030570E+00
.6986471225584050E+00
-.5620938035527150E+00
-.4676496736663010E+00
.7240913326490270E+00
.5069472602770030E+00
.8205155289322470E+00
-.5291540451030000E-03
.5716239907290730E+00
-.8245428222040110E+00
-.1598033184564900E-01
-.5655738354502861E+00
.4140041612658700E+00
-.6622360011201760E+00
-.6245350536798570E+00
-.3630075055554980E+00
-.6300909169893389E+00
.6864480950792340E+00
.4110197762983200E-01
.5976966238900240E+00
-.8006680793096380E+00
-.7413787623980600E-01
.5444368512895700E+00
.8355190543994490E+00
.5309041779347360E+00
-.3340622814408790E+00
.7788087993660300E+00
-.5448176428435429E+00
-.3203738058792480E+00
-.7749415207309850E+00
.5300764847798720E+00
-.2943416198262050E+00
-.7952244532969920E+00
-.5652510200503370E+00
-.2834789064306020E+00
.7746812208521410E+00
.2943154640303980E+00
.3085925430174330E+00
.9045159202726090E+00
-.2928594694444560E+00
.3415443172887890E+00
-.8930737990135230E+00
.5778391893599150E+00
.1746370462561330E+00
-.7972476235868060E+00
-.6349690912328130E+00
.1456066853347430E+00
.7586916016174190E+00
.1108086447401920E+00
-.5505809119596630E+00
.8273947689201980E+00
-.1682134302762980E+00
-.5487255964308850E+00
-.8189044276936410E+00
-.3406774423315680E+00
.5567366440283000E-01
.9385304062087610E+00
.2954806516063650E+00
-.3647972951532700E-01
-.9546519857313270E+00
-.1352191527537380E+00
-.1976425402164740E+00
-.9709032943735130E+00
.1361997461099380E+00
-.2052617081601970E+00
.9691838114221401E+00
-.1374634531845800E-01
.1503972170264990E+00
.9885300779951360E+00
-.2365772779270000E-03
.1634869153904990E+00
-.9865454741304590E+00
.1430613915642420E+00
-.8034037228965180E+00
-.5779929898188360E+00
-.1741825595820240E+00
-.8140552589881060E+00
.5540527693742370E+00
-.7153324038241260E+00
.4723176360608380E+00
.5149908763319010E+00
.6810483868765460E+00
.5250667239841340E+00
-.5103704831761190E+00
-.6989280898241150E+00
.2498718797655740E+00
-.6701220552684660E+00
.6987908937659280E+00
.2704755630377490E+00
.6622191907436910E+00
-.4134381504611180E+00
-.8727807246771460E+00
-.2594661873449520E+00
.4208313808199380E+00
-.8585479955910110E+00
.2929100342832980E+00
-.9599115086167070E+00
.2037508010898840E+00
.1924980692901300E+00
.9561317791498360E+00
.1597008427978330E+00
-.2455761831070590E+00
-.4811191703870260E+00
.7836920233894860E+00
-.3928754972784550E+00
.5236046910637960E+00
.7525061794528830E+00
.3994653644325270E+00
-.4097302583056340E+00
.8973446325035150E+00
.1639930667617680E+00
.4383897924052820E+00
.8866649249277520E+00
-.1471043874862970E+00
.5244971024817801E+00
-.8223353072739860E+00
-.2206069624894380E+00
-.4931622292355400E+00
-.8435871083562650E+00
.2124895439087490E+00
.9875142660267550E+00
-.5011098488550600E-01
.1493467896790710E+00
-.9844064931918650E+00
-.4148306407795500E-01
-.1709473941199440E+00
.9425401317649130E+00
.2830596440192860E+00
.1774692591415610E+00
-.9292372144253440E+00
.3123644542832010E+00
-.1973490487116300E+00
.6780425040655020E+00
.7350226888807579E+00
.9752479288400000E-04
-.6593191109166410E+00
.7510290360404220E+00
-.3540758399391400E-01
-.2028390460362870E+00
-.9769983206189460E+00
.6580731654495500E-01
.2637708224868560E+00
-.9618944277349269E+00
-.7200043817301199E-01
.2365692248492800E-01
.9991413382424930E+00
.3401376535379500E-01
.8845016571653960E+00
-.4663902628135870E+00
.1170218886966000E-01
-.8707925515534320E+00
-.4909589877395930E+00
.2606922547328700E-01
