.6033325376724010E+00
.1243069817325870E+00
.7877421045483820E+00
-.4150404648582570E+00
-.4551964293664260E+00
.7877421045128280E+00
.6821704149699900E-01
.6122163118740520E+00
.7877421041970090E+00
-.5611720875068510E+00
.2540635071202680E+00
.7877421040879770E+00
.3046629736937480E+00
-.5353903723573450E+00
.7877421035130380E+00
.7189123656181240E+00
.5476227955856799E+00
.4281054593394930E+00
-.9034969245575690E+00
-.2047006279562300E-01
.4281054587880870E+00
-.2597277182416860E+00
-.8656022347291530E+00
.4281054585132780E+00
-.2986640911399680E+00
.8529510403391560E+00
.4281054583252690E+00
.7429763683862570E+00
-.5145015382690630E+00
.4281054579637320E+00
.2727648851563540E+00
.9470437274565280E+00
.1694328649078670E+00
.3359869097114230E+00
-.9265016465041650E+00
.1694328643670980E+00
-.7773297641584490E+00
-.6058472929284960E+00
.1694328640039550E+00
-.8164031245954660E+00
.5520674262086750E+00
.1694328630168580E+00
.9849810935670780E+00
.3323778663007100E-01
.1694328623831190E+00
-.5475100000000000E-10
-.2622490000000000E-09
.1000000000000000E+01
-.4553053901631190E+00
.8539430502103200E+00
-.2519489406326320E+00
-.1335853322457150E+00
-.9584762334955880E+00
-.2519489409243740E+00
.6714509982659610E+00
.6969040735530050E+00
-.2519489416387220E+00
.8702849293474090E+00
-.4232326457800810E+00
-.2519489418449060E+00
-.9528452050728390E+00
-.1691382434622470E+00
-.2519489427804860E+00
-.5736423593514060E+00
-.6747005438768660E+00
-.4644498031542410E+00
.6750738827809800E-01
.8830227248092140E+00
-.4644498035292730E+00
.4644131106458860E+00
-.7540602378872310E+00
-.4644498038514650E+00
.8606654457806830E+00
.2086656877007450E+00
-.4644498048395680E+00
-.8189435855703970E+00
.3370723696121090E+00
-.4644498049274860E+00
-.2039097948846910E+00
.4510714147038720E+00
-.8688816803150650E+00
-.1001666359500330E+00
-.4847796101916360E+00
-.8688816804288710E+00
.4300996140328090E+00
-.2450692695623940E+00
-.8688816807396640E+00
.3659828147613540E+00
.3333184709431070E+00
-.8688816813741130E+00
-.4920059980633850E+00
-.5454100701082900E-01
-.8688816814871270E+00
