.4189872338717240E+00
-.3072413097459930E+00
.8544310829072690E+00
-.4189872341145740E+00
.3072413098263910E+00
.8544310827592730E+00
.5658587159611600E-01
.5164767894201940E+00
.8544294968725720E+00
-.5658587177851900E-01
-.5164767894509800E+00
.8544294968418830E+00
.4755749550300050E+00
.2092349268443340E+00
.8544291705791980E+00
-.4755749553334090E+00
-.2092349268721780E+00
.8544291704035040E+00
.8186563039697030E+00
.4463615170740600E-01
.5725464784027740E+00
-.8186563041813540E+00
-.4463615169310600E-01
.5725464781012600E+00
.4479857042857880E+00
-.6866582651814900E+00
.5725462737748910E+00
-.4479857044472710E+00
.6866582651924580E+00
.5725462736353860E+00
.3706750443741870E+00
.7312942918044710E+00
.5725457800494140E+00
-.3706750445284160E+00
-.7312942918105290E+00
.5725457799418260E+00
.2483491383107710E+00
.9674251716069699E+00
.4910440755697800E-01
-.2483491383275740E+00
-.9674251716055270E+00
.4910440750042800E-01
.9619907654119230E+00
.2686313269381070E+00
.4910170516035000E-01
-.9619907654636930E+00
-.2686313268046500E+00
.4910170487621400E-01
.7136399875990690E+00
-.6987897964418840E+00
.4909978093953600E-01
-.7136399876334290E+00
.6987897964216320E+00
.4909978072836900E-01
.9016743040433101E-01
-.9109972838131770E+00
.4024348187959070E+00
-.9016743051654599E-01
.9109972838171100E+00
.4024348187618610E+00
.8340309271769309E+00
-.3774121851800420E+00
.4024331683522290E+00
-.8340309273365430E+00
.3774121851359370E+00
.4024331680628000E+00
.7438662095538350E+00
.5335863643402130E+00
.4024284459058570E+00
-.7438662096919330E+00
-.5335863643074360E+00
.4024284456940510E+00
-.3676900000000000E-10
.3826000000000000E-10
.1000000000000000E+01
.1992380000000000E-09
.2866700000000000E-10
-.1000000000000000E+01
.1551760109494100E-01
-.9153192457426180E+00
-.4024299720813830E+00
-.1551760098780900E-01
.9153192457400900E+00
-.4024299720912640E+00
.7849309342028610E+00
.4710979336917100E+00
-.4024303236621520E+00
-.7849309341392960E+00
-.4710979336550040E+00
-.4024303238291050E+00
.8004455275356880E+00
-.4442209056433970E+00
-.4024360128485950E+00
-.8004455274681320E+00
.4442209055907030E+00
-.4024360130411300E+00
.3582850973956180E+00
-.9323202464922420E+00
-.4909935809008100E-01
-.3582850973792780E+00
.9323202464929610E+00
-.4909935819565600E-01
.9865547233743720E+00
-.1558803818208370E+00
-.4910279371998000E-01
-.9865547233783170E+00
.1558803817157120E+00
-.4910279397444000E-01
.6282700417200580E+00
.7764441873670190E+00
-.4910375322769500E-01
-.6282700417178300E+00
-.7764441873591100E+00
-.4910375338126400E-01
.8183409220068710E+00
.5009388286455200E-01
-.5725458394473720E+00
-.8183409219068140E+00
-.5009388286935200E-01
-.5725458395899650E+00
.3657871115625040E+00
.7337511247024510E+00
-.5725461343967390E+00
-.3657871114148170E+00
-.7337511247161940E+00
-.5725461344734800E+00
.4525495872342020E+00
-.6836587737049870E+00
-.5725465502737280E+00
-.4525495870757510E+00
.6836587737018370E+00
-.5725465504027309E+00
.3807539056886070E+00
.3535223202269110E+00
-.8544287169824371E+00
-.3807539054937480E+00
-.3535223202854150E+00
-.8544287170450640E+00
.4965337590933840E+00
-.1529796182182970E+00
-.8544304901455571E+00
-.4965337588917690E+00
.1529796182471050E+00
-.8544304902575630E+00
.1157814679693420E+00
-.5065008368599150E+00
-.8544305436576280E+00
-.1157814676980890E+00
.5065008368412131E+00
-.8544305437054710E+00
