.5524248047442870E+00
.6192345467843920E+00
.5580102249708020E+00
.9421571346152340E+00
.1311875406855570E+00
.3084311314742510E+00
.5522881036470740E+00
.5148687129213110E+00
-.6556584926809630E+00
-.5192342730268170E+00
-.3021967984956240E+00
.7994203304228060E+00
.1059022793183890E+00
.6863151993201621E+00
.7195527460980859E+00
-.5826033371457910E+00
.4088668690322770E+00
-.7024252522185770E+00
.7567452095487530E+00
-.6262062223858390E+00
-.1876231725301300E+00
-.4585818523039080E+00
.7391980911742710E+00
-.4932432125653940E+00
-.3713192831384730E+00
-.2282323614049430E+00
-.9000177660341240E+00
.8173155605335070E+00
.4936268259550240E+00
.2971999852075510E+00
-.2272445189797460E+00
.9707917035232740E+00
.7696360804979700E-01
-.2160690000000000E-09
.1019030000000000E-09
.1000000000000000E+01
-.3058908801446340E+00
.7972503964713330E+00
.5204061632711940E+00
.4863388936328300E+00
.8570773862025840E+00
.1699789239880690E+00
-.1737398343853030E+00
.8979423515788090E+00
-.4043686476334260E+00
-.9803492979181699E-01
-.3516639858615430E+00
.9309788362732450E+00
-.3854824251429160E+00
.4952618980963970E+00
.7785364167461210E+00
-.8017002794476820E+00
-.2136457492835910E+00
-.5582402312146290E+00
.8828249471274510E+00
.4375936315829120E+00
-.1706807731629190E+00
-.9915773634955800E+00
-.2741580639759500E-01
-.1265808269949430E+00
.1513298823526540E+00
-.4210797930317450E+00
-.8943103905286320E+00
.1302730825431220E+00
.9156008295813950E+00
.3803998486258560E+00
-.9297232893784420E+00
.3207387504653210E+00
-.1809454590125860E+00
-.8922503523612230E+00
.3192619417451130E+00
.3193135156306630E+00
-.5667439025206260E+00
.8189016451218870E+00
.9056182734661600E-01
-.7539398938720300E+00
.1457426570194620E+00
-.6405729578690780E+00
.4405201359445510E+00
-.1605616365702240E+00
.8832677797187470E+00
-.7521298317764010E+00
.8498829905498001E-02
.6589601551249060E+00
-.5424991808346600E-01
-.6416614575877549E+00
-.7650670037547660E+00
.1596538145444760E+00
.9797066178676110E+00
-.1211841673148990E+00
-.3275928774477860E+00
-.8140208976085560E+00
-.4796382854840110E+00
.2503004467721080E+00
-.4231137342494500E-01
-.9672432134807550E+00
-.7108506636223410E+00
.5492699081504170E+00
.4393107123985370E+00
-.6563591296710271E+00
-.7317945392570659E+00
-.1834923573640900E+00
-.5524248043259870E+00
-.6192345463401390E+00
.5580102258779120E+00
-.9421571338724100E+00
-.1311875401267130E+00
.3084311339810360E+00
-.5522881046796020E+00
-.5148687121585250E+00
-.6556584924102150E+00
.5192342739458550E+00
.3021967982037360E+00
.7994203299362180E+00
-.1059022774708010E+00
-.6863152000880089E+00
.7195527456376321E+00
.5826033386064620E+00
-.4088668707921540E+00
-.7024252499826850E+00
-.7567452096301750E+00
.6262062216297350E+00
-.1876231747252810E+00
.4585818518006480E+00
-.7391980922178910E+00
-.4932432114692700E+00
.3713192830009000E+00
.2282323605840420E+00
-.9000177662990509E+00
-.8173155605525860E+00
-.4936268256475350E+00
.2971999856657970E+00
.2272445172044250E+00
-.9707917038087910E+00
.7696360969024800E-01
.3058908812324770E+00
-.7972503958491710E+00
.5204061635849050E+00
-.4863388954043710E+00
-.8570773852478980E+00
.1699789237331550E+00
.1737398342596080E+00
-.8979423523477420E+00
-.4043686459799380E+00
.9803492978281500E-01
.3516639858755690E+00
.9309788362688950E+00
.3854824251760820E+00
-.4952618964029540E+00
.7785364178069750E+00
.8017002786244340E+00
.2136457498382100E+00
-.5582402321846520E+00
-.8828249475490230E+00
-.4375936312931180E+00
-.1706807717253690E+00
.9915773632686370E+00
.2741580612278400E-01
-.1265808288322370E+00
-.1513298809917920E+00
.4210797918364390E+00
-.8943103913217110E+00
-.1302730841494400E+00
-.9156008292388700E+00
.3803998489001880E+00
.9297232892269350E+00
-.3207387509063860E+00
-.1809454590092290E+00
.8922503524684821E+00
-.3192619414694750E+00
.3193135156065450E+00
.5667439016682450E+00
-.8189016456292630E+00
.9056182809296601E-01
.7539398934976680E+00
-.1457426570674740E+00
-.6405729582987700E+00
-.4405201354366200E+00
.1605616381278780E+00
.8832677796889200E+00
.7521298331190670E+00
-.8498828982384000E-02
.6589601536043070E+00
.5424991822251600E-01
.6416614574766570E+00
-.7650670038380840E+00
-.1596538160298180E+00
-.9797066176795410E+00
-.1211841668784790E+00
.3275928782830370E+00
.8140208978589080E+00
-.4796382844886480E+00
-.2503004459880990E+00
.4231137163562100E-01
-.9672432137619120E+00
.7108506635392060E+00
-.5492699074182620E+00
.4393107134484720E+00
.6563591297808620E+00
.7317945395452270E+00
-.1834923558219770E+00
