.4493334286604510E+00
-.5221672841221860E+00
-.7248729525100960E+00
-.4493334255531620E+00
-.5221672839282430E+00
.7248729545759470E+00
-.6354409174587080E+00
.2660101681796280E+00
.7248816667872640E+00
.6354409278966350E+00
.2660101367528020E+00
-.7248816691699550E+00
-.3575121480459160E+00
-.5888387793976850E+00
-.7248820289378400E+00
.5673924857509200E-01
.6865527030386031E+00
.7248627757179430E+00
.3575121331536140E+00
-.5888387741645980E+00
.7248820405336900E+00
-.5673925463312800E-01
.6865527021288230E+00
-.7248627761054430E+00
-.6705396733051719E+00
.1580908691142270E+00
-.7248336523827390E+00
.6705396898832851E+00
.1580908574296640E+00
.7248336395948950E+00
.5947164241282600E-01
-.9896841671333750E+00
.1303394532528000E+00
-.5947164192993500E-01
-.9896841659284920E+00
-.1303394626219650E+00
-.9595534477218099E+00
-.2494453484247600E+00
-.1305151298296010E+00
.9595534526420250E+00
-.2494453189511810E+00
.1305151499869400E+00
-.9229310260201200E+00
-.3621897685105190E+00
.1304488129334460E+00
-.5337507837294150E+00
.8355228659722710E+00
-.1304286828336420E+00
.9229310280253959E+00
-.3621897711184220E+00
-.1304487915052120E+00
.5337507985078970E+00
.8355228542340730E+00
.1304286975505440E+00
-.6297699296261070E+00
.7657501976726920E+00
.1304471943085060E+00
.6297698974136260E+00
.7657502249623670E+00
-.1304471896275100E+00
.8090800145884131E+00
.5059243885090620E+00
.2990485631220210E+00
-.8090799975084531E+00
.5059244095175840E+00
-.2990485737902890E+00
.2311568914941950E+00
.9258307636617940E+00
-.2990048303492120E+00
-.2311569222576750E+00
.9258307595214430E+00
.2990048193864220E+00
.7312658279630020E+00
-.6130585414117780E+00
.2990142365434270E+00
.9519557450157760E+00
.6628324871902699E-01
-.2989762373010790E+00
-.7312658187587220E+00
-.6130585506974390E+00
-.2990142400152400E+00
-.9519557463420480E+00
.6628325967778601E-01
.2989762306485940E+00
-.3571728473573660E+00
-.8848792816347290E+00
.2990254404632440E+00
.3571728661980440E+00
-.8848792730423229E+00
-.2990254433856150E+00
.2829979408347640E+00
-.1137306920927340E+00
.9523536607581190E+00
-.2829979407726650E+00
-.1137307075352200E+00
-.9523536589324210E+00
-.1957421735979790E+00
.2340721665709800E+00
-.9523104652958020E+00
.1957421857390430E+00
.2340721882978350E+00
.9523104574599420E+00
-.2081640045088300E-01
-.3042680323911470E+00
.9523589879541690E+00
.1620265530177720E+00
.2584698550577190E+00
-.9523343583761010E+00
.2081640225412500E-01
-.3042680502181730E+00
-.9523589822192190E+00
-.1620265417245650E+00
.2584698412737340E+00
.9523343640385500E+00
-.2958222555821650E+00
-.7418938409769500E-01
.9523576683103280E+00
.2958222388740650E+00
-.7418938040618001E-01
-.9523576737877860E+00
-.3257749018068990E+00
.8020527269950860E+00
.5005817979835580E+00
.3257749146983630E+00
.8020527230985099E+00
-.5005817958371440E+00
.8634515511193460E+00
-.6198952318951000E-01
-.5006083477972900E+00
-.8634515508448490E+00
-.6198950543103500E-01
.5006083504697461E+00
.6620765767653970E+00
.5576740589832000E+00
.5006538229513630E+00
.2078251585271370E+00
-.8403963534230280E+00
-.5005423784620510E+00
-.6620765740264690E+00
.5576740552030770E+00
-.5006538307840350E+00
-.2078251624012760E+00
-.8403963480058509E+00
.5005423859487940E+00
.7348403278944780E+00
-.4574229305800260E+00
.5007733569984690E+00
-.7348403458553830E+00
-.4574229094680540E+00
-.5007733499268130E+00
-.2159491052388440E+00
-.7934720812168230E+00
-.5690061865006260E+00
.2159491024269130E+00
-.7934720809187740E+00
.5690061879834361E+00
-.6877854798321460E+00
-.4505369287857020E+00
.5691815259936081E+00
.6877854778448830E+00
-.4505369442954740E+00
-.5691815161181740E+00
-.8212962946478440E+00
-.3981844287203400E-01
-.5691106113972640E+00
-.6410139606345610E+00
.5148997951167840E+00
.5691917983072901E+00
.8212962986890460E+00
-.3981846369438900E-01
.5691106041084550E+00
.6410139629595560E+00
.5148997766636680E+00
-.5691918123818990E+00
-.2915603249295270E+00
.7688331424370900E+00
-.5691117429971880E+00
.2915603272870670E+00
.7688331370974770E+00
.5691117490028750E+00
.9929607861810801E-01
-.5847235509946960E+00
-.8051326956988020E+00
-.9929608253993000E-01
-.5847235401129079E+00
.8051327031179720E+00
-.5867889831967670E+00
-.8631621425893000E-01
.8051262015081310E+00
.5867889705380270E+00
-.8631623461479900E-01
-.8051262085517060E+00
-.5253138101960330E+00
-.2752064877434550E+00
-.8051750057728060E+00
-.2633786255318590E+00
.5314628620795430E+00
.8050956004370970E+00
.5253138060792369E+00
-.2752064828543220E+00
.8051750101297850E+00
.2633786319237390E+00
.5314628708530140E+00
-.8050955925544820E+00
-.4241420919956050E+00
.4146763653794480E+00
-.8050757714608500E+00
.4241421172473850E+00
.4146763618097820E+00
.8050757599959820E+00
-.7329390971805160E+00
-.6252869776449880E+00
.2679859612214900E+00
.7329391122463250E+00
-.6252869686229060E+00
-.2679859410677090E+00
-.3684095827025930E+00
-.8902485833226850E+00
-.2678280031379350E+00
.3684095755538880E+00
-.8902485827072000E+00
.2678280150171500E+00
-.8212059168413181E+00
.5037910318927930E+00
.2679840262575470E+00
-.9605265009024130E+00
.7512618136367200E-01
-.2678523808702820E+00
.8212058939262070E+00
.5037910602784700E+00
-.2679840431151710E+00
.9605265027629130E+00
.7512620911072000E-01
.2678523664160900E+00
.2254256333583220E+00
.9367149481746920E+00
.2678588988461710E+00
-.2254256446764480E+00
.9367149490489250E+00
-.2678588862637910E+00
.1493016900000000E-07
.1000000000000000E+01
.9100131000000001E-08
.9510405195509050E+00
.3090662219288230E+00
.2519899330600000E-04
-.9510405267387140E+00
.3090661998062840E+00
-.2525573808500000E-04
.5878977716935040E+00
-.8089352285493050E+00
-.7777978870100001E-04
-.5878977846949770E+00
-.8089352190993910E+00
.7779048433600000E-04
