-.1194838566164990E+00
-.5158298730769230E+00
.8483178355130190E+00
.1194838566164980E+00
.5158298730769230E+00
.8483178355130190E+00
-.5158298730769409E+00
.1194838566165050E+00
.8483178355130070E+00
.5158298730769409E+00
-.1194838566165040E+00
.8483178355130070E+00
-.5773502691896260E+00
-.5773502691896280E+00
.5773502691896240E+00
-.5773502691896150E+00
.5773502691896391E+00
.5773502691896240E+00
.5773502691896150E+00
-.5773502691896381E+00
.5773502691896240E+00
.5773502691896260E+00
.5773502691896280E+00
.5773502691896230E+00
-.8483178355130090E+00
-.1194838566164930E+00
.5158298730769399E+00
.8483178355130090E+00
.1194838566164930E+00
.5158298730769399E+00
-.1194838566164790E+00
.8483178355130150E+00
.5158298730769340E+00
.1194838566164810E+00
-.8483178355130150E+00
.5158298730769340E+00
-.8483178355130170E+00
.5158298730769270E+00
.1194838566164960E+00
.8483178355130170E+00
-.5158298730769280E+00
.1194838566164950E+00
-.5158298730769399E+00
-.8483178355130100E+00
.1194838566164890E+00
.5158298730769409E+00
.8483178355130100E+00
.1194838566164880E+00
.0000000000000000E+00
.0000000000000000E+00
.1000000000000000E+01
-.1000000000000000E+01
-.1000000000000000E-14
.0000000000000000E+00
.1000000000000000E+01
.0000000000000000E+00
.0000000000000000E+00
.0000000000000000E+00
-.1000000000000000E+01
.0000000000000000E+00
.0000000000000000E+00
.1000000000000000E+01
.0000000000000000E+00
.0000000000000000E+00
-.1000000000000000E-14
-.1000000000000000E+01
-.5158298730769409E+00
.8483178355130100E+00
-.1194838566164880E+00
.5158298730769399E+00
-.8483178355130100E+00
-.1194838566164880E+00
-.8483178355130170E+00
-.5158298730769280E+00
-.1194838566164950E+00
.8483178355130170E+00
.5158298730769270E+00
-.1194838566164950E+00
-.1194838566164810E+00
-.8483178355130150E+00
-.5158298730769340E+00
.1194838566164790E+00
.8483178355130150E+00
-.5158298730769340E+00
-.8483178355130100E+00
.1194838566164940E+00
-.5158298730769399E+00
.8483178355130090E+00
-.1194838566164930E+00
-.5158298730769399E+00
-.5773502691896260E+00
.5773502691896280E+00
-.5773502691896230E+00
.5773502691896260E+00
-.5773502691896290E+00
-.5773502691896230E+00
-.5773502691896160E+00
-.5773502691896381E+00
-.5773502691896240E+00
.5773502691896150E+00
.5773502691896391E+00
-.5773502691896240E+00
-.5158298730769409E+00
-.1194838566165050E+00
-.8483178355130070E+00
.5158298730769419E+00
.1194838566165050E+00
-.8483178355130070E+00
.1194838566164990E+00
-.5158298730769230E+00
-.8483178355130190E+00
-.1194838566164990E+00
.5158298730769210E+00
-.8483178355130200E+00
