0
0
1.
.84507402368627694456
0
.53464931917162845450
0
.84507402368627694456
.53464931917162845450
-.84507402368627694456
0
.53464931917162845450
0
-.84507402368627694456
.53464931917162845450
.99893359911527818098
0
-.046169952984562401071
0
-.99893359911527818098
-.046169952984562401071
-.99893359911527818098
0
-.046169952984562401071
0
.99893359911527818098
-.046169952984562401071
.67427607529553442023
0
-.73847936618706605343
0
-.67427607529553442023
-.73847936618706605343
-.67427607529553442023
0
-.73847936618706605343
0
.67427607529553442023
-.73847936618706605343
