.2013637531077700E+00
.9231811291770200E+00
-.3273976812162780E+00
.3939427235519750E+00
.3319126954627900E-01
-.9185355029536740E+00
-.2608529397875180E+00
-.5307153154475940E+00
-.8064099439823220E+00
.9404723252287860E+00
-.3281228347982320E+00
.8858448375834700E-01
-.7670702090332721E+00
.6415631630733890E+00
.4691397032600000E-04
-.8027833282317620E+00
-.2222129145829330E+00
.5533175837669480E+00
-.4722838532405320E+00
-.4212025385354430E+00
.7742973482452170E+00
-.4650113371080910E+00
.8563620577177080E+00
.2245183343569910E+00
-.2316126294662680E+00
-.8198338455229610E+00
.5236678867438370E+00
-.6127322345621700E+00
-.3556834501113820E+00
-.7057255075773540E+00
-.5843469569240271E+00
-.6681556527503471E+00
.4605503855512300E+00
-.4402836999161500E-01
-.5958668572169800E+00
.8018754211885040E+00
.7855384963361460E+00
.5425110392385391E+00
-.2976760707182680E+00
-.1885353515234880E+00
.2250164615472800E+00
.9559403816445130E+00
-.7250926759465200E-01
.8087059275414150E+00
-.5837269300557120E+00
.4351542913144500E-01
-.9840593984573580E+00
.1724340677918610E+00
-.4718974607300930E+00
-.7362698936759010E+00
-.4849942579278310E+00
.9556901309999720E+00
.2323353110997340E+00
-.1807669126954550E+00
.1810670000000000E-09
.9714700000000000E-10
-.1000000000000000E+01
-.9231811291472890E+00
.2013637532500440E+00
-.3273976812126070E+00
-.3319126959656900E-01
.3939427234016350E+00
-.9185355030163350E+00
.5307153154332210E+00
-.2608529400173160E+00
-.8064099439174470E+00
.3281228347078500E+00
.9404723252616720E+00
.8858448374399100E-01
-.6415631631221850E+00
-.7670702089924530E+00
.4691408876500000E-04
.2222129145769260E+00
-.8027833281415661E+00
.5533175839002210E+00
.4212025385893920E+00
-.4722838531042160E+00
.7742973482990160E+00
-.8563620577550890E+00
-.4650113370294510E+00
.2245183343772870E+00
.8198338455532700E+00
-.2316126293944590E+00
.5236678867281460E+00
.3556834499292070E+00
-.6127322346485570E+00
-.7057255075941660E+00
.6681556527793380E+00
-.5843469568572370E+00
.4605503855939160E+00
.5958668573090560E+00
-.4402836987425500E-01
.8018754211265270E+00
-.5425110391940010E+00
.7855384963859400E+00
-.2976760706680360E+00
-.2250164615408790E+00
-.1885353514794660E+00
.9559403816547010E+00
-.8087059275359210E+00
-.7250926756173000E-01
-.5837269300674131E+00
.9840593984849960E+00
.4351542902614000E-01
.1724340676607130E+00
.7362698936511390E+00
-.4718974608290070E+00
-.4849942578691790E+00
-.2323353110485440E+00
.9556901310146240E+00
-.1807669126837850E+00
-.2013637532649040E+00
-.9231811291900101E+00
-.3273976810830050E+00
-.3939427232954660E+00
-.3319126972153700E-01
-.9185355030573530E+00
.2608529398923760E+00
.5307153154136280E+00
-.8064099439707560E+00
-.9404723252441800E+00
.3281228347428070E+00
.8858448380020501E-01
.7670702089582280E+00
-.6415631631631010E+00
.4691414933800000E-04
.8027833282885189E+00
.2222129146655650E+00
.5533175836514170E+00
.4722838532810040E+00
.4212025385470920E+00
.7742973482141940E+00
.4650113370238470E+00
-.8563620577189250E+00
.2245183345268340E+00
.2316126294597630E+00
.8198338455115650E+00
.5236678867645530E+00
.6127322345769560E+00
.3556834499768690E+00
-.7057255076323110E+00
.5843469568957290E+00
.6681556528125711E+00
.4605503854968610E+00
.4402836999148800E-01
.5958668572511250E+00
.8018754211631380E+00
-.7855384964034150E+00
-.5425110392139240E+00
-.2976760705856130E+00
.1885353515048750E+00
-.2250164614692820E+00
.9559403816665430E+00
.7250926749054400E-01
-.8087059276215210E+00
-.5837269299576640E+00
-.4351542909274100E-01
.9840593984575280E+00
.1724340678006580E+00
.4718974606949530E+00
.7362698936936520E+00
-.4849942579350750E+00
-.9556901310150490E+00
-.2323353109644550E+00
-.1807669127896170E+00
.9231811291561810E+00
-.2013637532466500E+00
-.3273976811896210E+00
.3319126960638500E-01
-.3939427233051850E+00
-.9185355030573450E+00
-.5307153153454151E+00
.2608529397046280E+00
-.8064099440763800E+00
-.3281228347474310E+00
-.9404723252377530E+00
.8858448385131901E-01
.6415631630457140E+00
.7670702090564140E+00
.4691403931400000E-04
-.2222129146170110E+00
.8027833282211330E+00
.5533175837686830E+00
-.4212025385581580E+00
.4722838532621210E+00
.7742973482196920E+00
.8563620577288190E+00
.4650113371108210E+00
.2245183343089580E+00
-.8198338455274620E+00
.2316126294629360E+00
.5236678867382620E+00
-.3556834500915220E+00
.6127322345094240E+00
-.7057255076331590E+00
-.6681556527955750E+00
.5843469569252410E+00
.4605503854840760E+00
-.5958668572678180E+00
.4402837000805700E-01
.8018754211498240E+00
.5425110391816230E+00
-.7855384964249550E+00
-.2976760705876380E+00
.2250164615292090E+00
.1885353515397430E+00
.9559403816455599E+00
.8087059276344060E+00
.7250926749358400E-01
-.5837269299394350E+00
-.9840593984739060E+00
-.4351542909504600E-01
.1724340677066130E+00
-.7362698936442650E+00
.4718974606803130E+00
-.4849942580242930E+00
.2323353110261140E+00
-.9556901310242030E+00
-.1807669126619690E+00
