.4024752680000000E-06
.3526298000000000E-08
.9999999999999190E+00
-.8860684208149160E+00
-.4528608187239880E+00
.9899410335570499E-01
.8860682627464720E+00
.4528611540501350E+00
.9899398419009400E-01
-.4528669198235390E+00
.8860659866134130E+00
.9898798056501200E-01
.4528662741465100E+00
-.8860663268437180E+00
.9898788902860700E-01
-.4528606347416880E+00
-.9899207490345500E-01
.8860687414685530E+00
.4528612760270190E+00
.9899214738193600E-01
.8860684056165720E+00
-.9899258632263000E-01
.4528658352231850E+00
.8860660264002700E+00
.9899305116360500E-01
-.4528658766326740E+00
.8860659533031610E+00
-.5638151362403120E+00
.3300749879843050E+00
.7570752898183110E+00
.5638154717324300E+00
-.3300751231857740E+00
.7570749810217180E+00
-.3300717603918830E+00
-.5638180603868830E+00
.7570745193000340E+00
.3300719799641950E+00
.5638182069090319E+00
.7570743144503060E+00
-.7570729934688500E+00
-.3300732521770340E+00
.5638192358880560E+00
.7570732123315730E+00
.3300734055697420E+00
.5638188522083540E+00
-.3300777146276050E+00
.7570756435541250E+00
.5638130649810490E+00
.3300774978215760E+00
-.7570758641243910E+00
.5638128957306260E+00
-.8860661431412330E+00
.9899188480627601E-01
.4528657601556120E+00
.8860662955994760E+00
-.9899201063470500E-01
.4528654343545340E+00
-.9898910636209300E-01
-.8860684429247160E+00
.4528618677638950E+00
.9898863885283500E-01
.8860685036395010E+00
.4528618511600620E+00
-.5638167570226740E+00
-.7570733113083550E+00
.3300767574444430E+00
.5638164148995700E+00
.7570736164098140E+00
.3300766420484210E+00
-.7570766067884610E+00
.5638146928992300E+00
.3300727245996210E+00
.7570763902379010E+00
-.5638150799962830E+00
.3300725600729860E+00
-.4345546410000000E-06
.9999999999999060E+00
.2214593100000000E-07
.7570763950841710E+00
.5638150882085780E+00
-.3300725349293840E+00
-.7570766258113080E+00
-.5638146794752790E+00
-.3300727038977230E+00
.5638164188766660E+00
-.7570736069737330E+00
-.3300766568978690E+00
-.5638167535322930E+00
.7570733004350561E+00
-.3300767883458000E+00
.9898864932755500E-01
-.8860685078891140E+00
-.4528618405556660E+00
-.9898912370418800E-01
.8860684394876190E+00
-.4528618706981770E+00
.8860662960261010E+00
.9899200222596601E-01
-.4528654353578790E+00
-.8860661426874250E+00
-.9899185842855200E-01
-.4528657668094260E+00
.3300774983475760E+00
.7570758890268420E+00
-.5638128619842070E+00
-.3300777281848890E+00
-.7570756670917400E+00
-.5638130254383090E+00
.7570731911805080E+00
-.3300734026592840E+00
-.5638188823130030E+00
-.7570729628806691E+00
.3300732484240380E+00
-.5638192791576820E+00
.1000000000000000E+01
-.1862617400000000E-07
-.6935422000000000E-08
-.1000000000000000E+01
.3190116800000000E-07
-.7163419000000000E-08
.3300719516045820E+00
-.5638182057643990E+00
-.7570743276670761E+00
-.3300717234428120E+00
.5638180378855200E+00
-.7570745521667031E+00
.5638154892067500E+00
.3300751522283360E+00
-.7570749553458990E+00
-.5638151472006390E+00
-.3300750161453390E+00
-.7570752693780030E+00
-.3863224630000000E-06
-.9999999999999259E+00
-.8049537000000001E-08
.9899308826816799E-01
.4528658813240430E+00
-.8860659467600190E+00
-.9899261046653600E-01
-.4528658591001120E+00
-.8860660114994470E+00
.4528612714738990E+00
-.9899212981105700E-01
-.8860684099066580E+00
-.4528606088883490E+00
.9899203957208599E-01
-.8860687586291670E+00
.4528662444547350E+00
.8860663440760350E+00
-.9898787061652900E-01
-.4528669041311970E+00
-.8860659961455239E+00
-.9898796703269000E-01
.8860682535074400E+00
-.4528611693363360E+00
-.9899399695739500E-01
-.8860684012132970E+00
.4528608528748720E+00
-.9899412257682499E-01
.4174218960000000E-06
-.1698057800000000E-07
-.9999999999999130E+00
