.7040847386817590E+00
.5415830619360910E+00
.4592956213370280E+00
.2512819823761580E+00
.8520005267332530E+00
-.4592956213370290E+00
-.2975019504367020E+00
.8369827487511260E+00
.4592956213370290E+00
-.7326502499021050E+00
.5022660087433920E+00
-.4592956213370280E+00
-.8879510557710220E+00
-.2429927521058100E-01
.4592956213370290E+00
-.7040847386817590E+00
-.5415830619360920E+00
-.4592956213370280E+00
-.2512819823761590E+00
-.8520005267332530E+00
.4592956213370290E+00
.2975019504367010E+00
-.8369827487511270E+00
-.4592956213370290E+00
.7326502499021040E+00
-.5022660087433930E+00
.4592956213370280E+00
.8879510557710220E+00
.2429927521058100E-01
-.4592956213370290E+00
.6123588376941920E+00
.7739304123774670E+00
.1613950764275730E+00
.4050382365418500E-01
.9860583499845880E+00
-.1613950764275740E+00
-.5468222743473879E+00
.8215455127882380E+00
.1613950764275720E+00
-.9252808493537810E+00
.3432302130117390E+00
-.1613950764275730E+00
-.9503135890464000E+00
-.2661873621693720E+00
.1613950764275720E+00
-.6123588376941920E+00
-.7739304123774670E+00
-.1613950764275730E+00
-.4050382365418700E-01
-.9860583499845880E+00
.1613950764275730E+00
.5468222743473879E+00
-.8215455127882380E+00
-.1613950764275720E+00
.9252808493537810E+00
-.3432302130117400E+00
.1613950764275730E+00
.9503135890464000E+00
.2661873621693730E+00
-.1613950764275730E+00
.2108117288219860E+00
-.6877410101530090E+00
-.6946731014979670E+00
.5747942943952250E+00
-.4324821397305210E+00
.6946731014979670E+00
.7192249760489871E+00
-.1202979145826900E-01
-.6946731014979670E+00
.5889361624098700E+00
.4130175282734750E+00
.6946731014979670E+00
.2336937519341000E+00
.6803061901542260E+00
-.6946731014979670E+00
-.2108117288219840E+00
.6877410101530100E+00
.6946731014979670E+00
-.5747942943952270E+00
.4324821397305190E+00
-.6946731014979670E+00
-.7192249760489871E+00
.1202979145827000E-01
.6946731014979670E+00
-.5889361624098690E+00
-.4130175282734760E+00
-.6946731014979670E+00
-.2336937519341020E+00
-.6803061901542260E+00
.6946731014979670E+00
-.4188757675017610E+00
-.9062335125901970E+00
.5730542782533600E-01
.1937930793929470E+00
-.9793673112377980E+00
-.5730542782533600E-01
.7324395567440600E+00
-.6784160844631560E+00
.5730542782533600E-01
.9913190181238460E+00
-.1183329719382100E+00
-.5730542782533600E-01
.8715483082744960E+00
.4869493138773470E+00
.5730542782533600E-01
.4188757675017610E+00
.9062335125901970E+00
-.5730542782533600E-01
-.1937930793929470E+00
.9793673112377980E+00
.5730542782533700E-01
-.7324395567440600E+00
.6784160844631560E+00
-.5730542782533600E-01
-.9913190181238460E+00
.1183329719382110E+00
.5730542782533600E-01
-.8715483082744960E+00
-.4869493138773470E+00
-.5730542782533600E-01
-.2384982279270600E+00
.8312635802073560E+00
-.5021149823461760E+00
-.6815535927350310E+00
.5323206221192910E+00
.5021149823461780E+00
-.8642786502728160E+00
.3004927929415400E-01
-.5021149823461760E+00
-.7168786391572710E+00
-.4836998668839150E+00
.5021149823461780E+00
-.2956553536924160E+00
-.8126921042661300E+00
-.5021149823461770E+00
.2384982279270610E+00
-.8312635802073550E+00
.5021149823461770E+00
.6815535927350320E+00
-.5323206221192910E+00
-.5021149823461780E+00
.8642786502728160E+00
-.3004927929415400E-01
.5021149823461760E+00
.7168786391572710E+00
.4836998668839150E+00
-.5021149823461770E+00
.2956553536924160E+00
.8126921042661300E+00
.5021149823461770E+00
-.4479733217908680E+00
.8348950596360600E+00
-.3197970330677810E+00
-.8531570336213310E+00
.4121321797961130E+00
.3197970330677810E+00
-.9324637563494800E+00
-.1680511848683680E+00
-.3197970330677810E+00
-.6556010174295310E+00
-.6840447087628180E+00
.3197970330677810E+00
-.1283209729105050E+00
-.9387564037344009E+00
-.3197970330677810E+00
.4479733217908690E+00
-.8348950596360590E+00
.3197970330677810E+00
.8531570336213310E+00
-.4121321797961120E+00
-.3197970330677810E+00
.9324637563494800E+00
.1680511848683680E+00
.3197970330677810E+00
.6556010174295310E+00
.6840447087628180E+00
-.3197970330677800E+00
.1283209729105050E+00
.9387564037344009E+00
.3197970330677820E+00
-.1844683055919900E-01
.3920265401714550E+00
.9197689417693550E+00
-.2453512182347660E+00
.3063133582904890E+00
-.9197689417693550E+00
-.3785397797258580E+00
.1035988847506770E+00
.9197689417693530E+00
-.3671390114555590E+00
-.1386868415673080E+00
-.9197689417693550E+00
-.2155036194052830E+00
-.3279989081989550E+00
.9197689417693540E+00
.1844683055920000E-01
-.3920265401714550E+00
-.9197689417693550E+00
.2453512182347660E+00
-.3063133582904900E+00
.9197689417693550E+00
.3785397797258580E+00
-.1035988847506760E+00
-.9197689417693530E+00
.3671390114555580E+00
.1386868415673080E+00
.9197689417693560E+00
.2155036194052820E+00
.3279989081989570E+00
-.9197689417693530E+00
.2198268805513430E+00
.5844337274919920E+00
.7810975360074320E+00
-.1656778437756570E+00
.6020278160724540E+00
-.7810975360074310E+00
-.4878992629631290E+00
.3896677410861140E+00
.7810975360074310E+00
-.6237597467847230E+00
.2846783332425800E-01
-.7810975360074310E+00
-.5213652081485740E+00
-.3436058191813890E+00
.7810975360074310E+00
-.2198268805513410E+00
-.5844337274919930E+00
-.7810975360074320E+00
.1656778437756570E+00
-.6020278160724540E+00
.7810975360074310E+00
.4878992629631300E+00
-.3896677410861130E+00
-.7810975360074310E+00
.6237597467847230E+00
-.2846783332426000E-01
.7810975360074310E+00
.5213652081485740E+00
.3436058191813890E+00
-.7810975360074310E+00
.0000000000000000E+00
.0000000000000000E+00
-.1000000000000000E+01
.0000000000000000E+00
.1000000000000000E-14
.1000000000000000E+01
