.4785869006688130E+00
-.8686334125875540E+00
-.1281817968539990E+00
.1894996683520810E+00
-.4052905071394570E+00
.8943318626310330E+00
-.5579664674948480E+00
-.1894949732400540E+00
-.8079387825003030E+00
-.6679406426316880E+00
-.6488997248396901E+00
-.3643960002850500E+00
.8774606831534150E+00
.1301111113537810E+00
-.4616642158779760E+00
-.9060332199441240E+00
.3744690021761120E+00
-.1971719319956820E+00
.6193156155818840E+00
.3855288772776280E+00
-.6839705060026230E+00
.2501026830788680E+00
.8048815177538829E+00
-.5381583319943660E+00
.0000000000000000E+00
.1000000000000000E+01
.0000000000000000E+00
.8660170671211830E+00
-.5000144392053180E+00
-.6404320104000000E-05
-.8660170671211830E+00
-.5000144392053190E+00
.6404320104000000E-05
.2779690515800000E-04
.9723786969999999E-06
.9999999996131930E+00
-.2779690515900000E-04
.9723786960000000E-06
-.9999999996131930E+00
-.4785869006688120E+00
-.8686334125875540E+00
.1281817968540000E+00
-.1894996683520810E+00
-.4052905071394570E+00
-.8943318626310330E+00
.5579664674948480E+00
-.1894949732400540E+00
.8079387825003030E+00
.6679406426316880E+00
-.6488997248396901E+00
.3643960002850490E+00
-.8774606831534140E+00
.1301111113537810E+00
.4616642158779770E+00
.9060332199441240E+00
.3744690021761130E+00
.1971719319956810E+00
-.6193156155818830E+00
.3855288772776280E+00
.6839705060026240E+00
-.2501026830788680E+00
.8048815177538829E+00
.5381583319943650E+00
-.5129787471564340E+00
.8487585734898080E+00
.1283031133424340E+00
-.2562843868867310E+00
.3667069631383140E+00
-.8943401568888470E+00
-.4429984317178690E+00
-.3885195908404770E+00
.8079634379281390E+00
-.8959327997487510E+00
-.2539368503190580E+00
.3644454614676960E+00
.5513581000859210E+00
.6949467216870580E+00
.4615769702726230E+00
-.1287347343708180E+00
-.9718852366397810E+00
.1971457708603270E+00
.6436084557316660E+00
.3436383625247170E+00
.6838719408719960E+00
.8221353698180710E+00
-.1857937146171120E+00
.5381209244239430E+00
.5129787471564330E+00
.8487585734898090E+00
-.1283031133424340E+00
.2562843868867300E+00
.3667069631383140E+00
.8943401568888470E+00
.4429984317178690E+00
-.3885195908404780E+00
-.8079634379281380E+00
.8959327997487500E+00
-.2539368503190580E+00
-.3644454614676960E+00
-.5513581000859210E+00
.6949467216870580E+00
-.4615769702726240E+00
.1287347343708190E+00
-.9718852366397800E+00
-.1971457708603270E+00
-.6436084557316660E+00
.3436383625247170E+00
-.6838719408719960E+00
-.8221353698180710E+00
-.1857937146171130E+00
-.5381209244239420E+00
-.9915646477123200E+00
.1979101209513000E-01
-.1280931896995030E+00
-.4456712509796880E+00
.3853572529252600E-01
.8943668899989420E+00
.1148060323902880E+00
.5779737317667570E+00
-.8079393172227780E+00
-.2280676395518480E+00
.9029168416667600E+00
-.3643162483664040E+00
-.3261344665214280E+00
-.8249636364995890E+00
-.4615964776730410E+00
.7773591670753460E+00
.5973786413668200E+00
-.1971077984318670E+00
.2420350924056100E-01
-.7292053342349660E+00
-.6838667784471720E+00
.5720577607902080E+00
-.6190006338049360E+00
-.5381339365518411E+00
.9915646477123200E+00
.1979101209513000E-01
.1280931896995040E+00
.4456712509796890E+00
.3853572529252600E-01
-.8943668899989410E+00
-.1148060323902900E+00
.5779737317667560E+00
.8079393172227780E+00
.2280676395518490E+00
.9029168416667600E+00
.3643162483664050E+00
.3261344665214290E+00
-.8249636364995880E+00
.4615964776730410E+00
-.7773591670753460E+00
.5973786413668190E+00
.1971077984318670E+00
-.2420350924056100E-01
-.7292053342349670E+00
.6838667784471710E+00
-.5720577607902080E+00
-.6190006338049360E+00
.5381339365518411E+00
