0
0
1.
0
0
-1.
1.
0
0
-.50000000000000000000
.86602540378443864675
0
-.50000000000000000000
-.86602540378443864675
0
.56662274145293880129
-.63337263209786566436
.52704627669472988868
.26520541873209741712
.80739600450915973967
.52704627669472988868
-.83182816018503621848
-.17402337241129407527
.52704627669472988868
.56662274145293880126
.63337263209786566440
-.52704627669472988868
-.83182816018503621848
.17402337241129407527
-.52704627669472988868
.26520541873209741721
-.80739600450915973963
-.52704627669472988868
