.3973444756855100E+00
.3591179009174070E+00
.8444830968603710E+00
-.5096774628761011E+00
.1645514599303400E+00
.8444830968533200E+00
.1123329872568750E+00
-.5236693606750370E+00
.8444830967308610E+00
-.3696812709039800E+00
-.4835310348154660E+00
.7934314691976260E+00
.6035907951461190E+00
-.7838785466340800E-01
.7934314691617320E+00
-.2339095241567280E+00
.5619188897215029E+00
.7934314689265400E+00
-.7442941748623370E+00
-.4051733788790180E+00
.5309055606355551E+00
.7230375266227390E+00
-.4419909738109420E+00
.5309055604953929E+00
.2125664846758300E-01
.8471643530139480E+00
.5309055602255310E+00
.8660254037276069E+00
-.5000000000984360E+00
.5130700000000000E-10
-.8935932419604540E+00
.1072593384040450E+00
.4358744684513330E+00
.5396859331346170E+00
.7202447788194660E+00
.4358744683505990E+00
.3539073092236700E+00
-.8275041175511100E+00
.4358744680685260E+00
.8687713918272700E+00
.3647946654353440E+00
.3349046443577970E+00
-.1184642479503720E+00
-.9347754282617869E+00
.3349046441534430E+00
-.7503071435994429E+00
.5699807624933980E+00
.3349046441169330E+00
-.4851896129752470E+00
-.8641991545980320E+00
.1332323558786590E+00
-.5058236156739810E+00
.8522861076603609E+00
.1332323553633010E+00
.9910132283860720E+00
.1191304692690300E-01
.1332323552172430E+00
-.6150899999999999E-10
.3052000000000000E-10
.1000000000000000E+01
.0000000000000000E+00
.1000000000000000E+01
.0000000000000000E+00
.6150899999999999E-10
.3052000000000000E-10
-.1000000000000000E+01
-.9910132283860710E+00
.1191304692690300E-01
-.1332323552172430E+00
.5058236156739810E+00
.8522861076603609E+00
-.1332323553633010E+00
.4851896129752460E+00
-.8641991545980320E+00
-.1332323558786580E+00
.7503071435994429E+00
.5699807624933980E+00
-.3349046441169330E+00
.1184642479503710E+00
-.9347754282617881E+00
-.3349046441534430E+00
-.8687713918272700E+00
.3647946654353440E+00
-.3349046443577980E+00
-.3539073092236710E+00
-.8275041175511100E+00
-.4358744680685260E+00
-.5396859331346160E+00
.7202447788194660E+00
-.4358744683505990E+00
.8935932419604540E+00
.1072593384040460E+00
-.4358744684513330E+00
-.8660254037276069E+00
-.5000000000984350E+00
-.5130700000000000E-10
-.2125664846758300E-01
.8471643530139480E+00
-.5309055602255310E+00
-.7230375266227390E+00
-.4419909738109420E+00
-.5309055604953929E+00
.7442941748623370E+00
-.4051733788790180E+00
-.5309055606355541E+00
.2339095241567280E+00
.5619188897215019E+00
-.7934314689265400E+00
-.6035907951461190E+00
-.7838785466340800E-01
-.7934314691617320E+00
.3696812709039800E+00
-.4835310348154660E+00
-.7934314691976260E+00
-.1123329872568740E+00
-.5236693606750360E+00
-.8444830967308620E+00
.5096774628761011E+00
.1645514599303390E+00
-.8444830968533210E+00
-.3973444756855100E+00
.3591179009174070E+00
-.8444830968603710E+00
