.8812288857973100E+00
-.3302544071803650E+00
.3381829052071920E+00
-.3302544071803420E+00
.3381829052072890E+00
.8812288857972820E+00
-.8812288857972740E+00
.3302544071803300E+00
.3381829052073220E+00
.3381829052072250E+00
.8812288857972910E+00
-.3302544071803840E+00
.3302544071803390E+00
.3381829052072680E+00
-.8812288857972910E+00
.3381829052072420E+00
-.8812288857972740E+00
.3302544071804100E+00
.3302544071804580E+00
-.3381829052072310E+00
.8812288857972610E+00
-.3381829052072590E+00
-.8812288857972900E+00
-.3302544071803500E+00
-.3302544071804160E+00
-.3381829052073040E+00
-.8812288857972480E+00
-.3381829052072380E+00
.8812288857972860E+00
.3302544071803840E+00
.8812288857972500E+00
.3302544071803750E+00
-.3381829052073400E+00
-.8812288857972830E+00
-.3302544071804070E+00
-.3381829052072230E+00
-.6113041203570500E+00
.9585687603924800E-01
.7855690496388520E+00
.9585687603909100E-01
.7855690496388580E+00
-.6113041203570680E+00
.6113041203571670E+00
-.9585687603921100E-01
.7855690496387659E+00
.7855690496388400E+00
-.6113041203570830E+00
.9585687603914200E-01
-.9585687603909300E-01
.7855690496388490E+00
.6113041203570790E+00
.7855690496388190E+00
.6113041203570900E+00
-.9585687603926800E-01
-.9585687603917800E-01
-.7855690496388300E+00
-.6113041203570900E+00
-.7855690496388750E+00
.6113041203570220E+00
.9585687603923700E-01
.9585687603918200E-01
-.7855690496387880E+00
.6113041203571430E+00
-.7855690496388220E+00
-.6113041203571110E+00
-.9585687603911300E-01
-.6113041203571260E+00
-.9585687603922700E-01
-.7855690496387960E+00
.6113041203570340E+00
.9585687603918600E-01
-.7855690496388730E+00
-.6998953385508990E+00
.3878816312584410E+00
.5997452419211120E+00
.3878816312582690E+00
.5997452419211280E+00
-.6998953385509810E+00
.6998953385509870E+00
-.3878816312584150E+00
.5997452419210260E+00
.5997452419211010E+00
-.6998953385509690E+00
.3878816312583310E+00
-.3878816312582600E+00
.5997452419211480E+00
.6998953385509680E+00
.5997452419210459E+00
.6998953385509600E+00
-.3878816312584330E+00
-.3878816312583710E+00
-.5997452419211410E+00
-.6998953385509130E+00
-.5997452419210670E+00
.6998953385509700E+00
.3878816312583830E+00
.3878816312583720E+00
-.5997452419210930E+00
.6998953385509530E+00
-.5997452419211080E+00
-.6998953385509830E+00
-.3878816312582960E+00
-.6998953385509640E+00
-.3878816312584150E+00
-.5997452419210531E+00
.6998953385508960E+00
.3878816312583810E+00
-.5997452419211540E+00
-.9678346285368919E+00
-.2510234296719620E+00
.1683358430581100E-01
-.2510234296720140E+00
.1683358430576000E-01
-.9678346285368800E+00
.9678346285368939E+00
.2510234296719620E+00
.1683358430571500E-01
.1683358430576400E-01
-.9678346285369041E+00
-.2510234296719210E+00
.2510234296720400E+00
.1683358430584800E-01
.9678346285368720E+00
.1683358430574200E-01
.9678346285369210E+00
.2510234296718560E+00
.2510234296718330E+00
-.1683358430577100E-01
-.9678346285369270E+00
-.1683358430579800E-01
.9678346285369080E+00
-.2510234296719020E+00
-.2510234296718790E+00
-.1683358430577600E-01
.9678346285369150E+00
-.1683358430576100E-01
-.9678346285368979E+00
.2510234296719460E+00
-.9678346285369180E+00
.2510234296718710E+00
-.1683358430573100E-01
.9678346285368991E+00
-.2510234296719330E+00
-.1683358430586200E-01
.4910099565142000E+00
.2564385784240840E+00
.8325553904094060E+00
.2564385784240920E+00
.8325553904094900E+00
.4910099565140530E+00
-.4910099565140710E+00
-.2564385784240220E+00
.8325553904095010E+00
.8325553904094630E+00
.4910099565141320E+00
.2564385784240290E+00
-.2564385784241460E+00
.8325553904094440E+00
-.4910099565141030E+00
.8325553904094291E+00
-.4910099565141360E+00
-.2564385784241320E+00
-.2564385784240340E+00
-.8325553904094490E+00
.4910099565141530E+00
-.8325553904094301E+00
-.4910099565141260E+00
.2564385784241480E+00
.2564385784240730E+00
-.8325553904094620E+00
-.4910099565141110E+00
-.8325553904094950E+00
.4910099565140710E+00
-.2564385784240420E+00
.4910099565140400E+00
-.2564385784240480E+00
-.8325553904095120E+00
-.4910099565141650E+00
.2564385784240730E+00
-.8325553904094301E+00
.9639187401358100E+00
-.3545521080379800E-01
-.2638249238450580E+00
-.3545521080368800E-01
-.2638249238449470E+00
.9639187401358450E+00
-.9639187401358300E+00
.3545521080378200E-01
-.2638249238449890E+00
-.2638249238450780E+00
.9639187401358030E+00
-.3545521080385500E-01
.3545521080373000E-01
-.2638249238450370E+00
-.9639187401358190E+00
-.2638249238450120E+00
-.9639187401358210E+00
.3545521080384200E-01
.3545521080383200E-01
.2638249238450070E+00
.9639187401358230E+00
.2638249238449970E+00
-.9639187401358270E+00
-.3545521080380600E-01
-.3545521080387300E-01
.2638249238449870E+00
-.9639187401358270E+00
.2638249238450430E+00
.9639187401358140E+00
.3545521080380900E-01
.9639187401358490E+00
.3545521080382200E-01
.2638249238449150E+00
-.9639187401358110E+00
-.3545521080385700E-01
.2638249238450480E+00
.7333812784946300E+00
-.3999498991326740E+00
-.5497199091695210E+00
-.3999498991326710E+00
-.5497199091694320E+00
.7333812784946980E+00
-.7333812784946740E+00
.3999498991326920E+00
-.5497199091694490E+00
-.5497199091695310E+00
.7333812784946290E+00
-.3999498991326620E+00
.3999498991327240E+00
-.5497199091694640E+00
-.7333812784946450E+00
-.5497199091694380E+00
-.7333812784946320E+00
.3999498991327840E+00
.3999498991327470E+00
.5497199091694890E+00
.7333812784946140E+00
.5497199091694620E+00
-.7333812784946609E+00
-.3999498991326970E+00
-.3999498991327270E+00
.5497199091694720E+00
-.7333812784946370E+00
.5497199091694900E+00
.7333812784946440E+00
.3999498991326900E+00
.7333812784947000E+00
.3999498991326800E+00
.5497199091694220E+00
-.7333812784946250E+00
-.3999498991326680E+00
.5497199091695320E+00
.5645053490412040E+00
.8232127589623640E+00
.6045216609387700E-01
.8232127589624330E+00
.6045216609388600E-01
.5645053490411009E+00
-.5645053490411550E+00
-.8232127589623890E+00
.6045216609399200E-01
.6045216609400300E-01
.5645053490411570E+00
.8232127589623870E+00
-.8232127589623990E+00
.6045216609388900E-01
-.5645053490411520E+00
.6045216609393700E-01
-.5645053490411790E+00
-.8232127589623770E+00
-.8232127589623470E+00
-.6045216609388000E-01
.5645053490412290E+00
-.6045216609390800E-01
-.5645053490410999E+00
.8232127589624330E+00
.8232127589623500E+00
-.6045216609390800E-01
-.5645053490412210E+00
-.6045216609394900E-01
.5645053490411520E+00
-.8232127589623940E+00
.5645053490411520E+00
-.8232127589623980E+00
-.6045216609389700E-01
-.5645053490412409E+00
.8232127589623400E+00
-.6045216609385800E-01
