-.6123724356957940E+00
.3535533905932730E+00
.7071067811865480E+00
.6123724356957940E+00
.3535533905932730E+00
.7071067811865480E+00
.0000000000000000E+00
-.7071067811865470E+00
.7071067811865480E+00
-.8660254037844390E+00
.5000000000000000E+00
.0000000000000000E+00
.8660254037844390E+00
.5000000000000000E+00
.0000000000000000E+00
.0000000000000000E+00
-.1000000000000000E+01
.0000000000000000E+00
-.6123724356957940E+00
.3535533905932730E+00
-.7071067811865480E+00
.6123724356957940E+00
.3535533905932730E+00
-.7071067811865480E+00
.0000000000000000E+00
-.7071067811865470E+00
-.7071067811865480E+00
