.1629327551584910E+00
-.9407771584092830E+00
.2973066691344440E+00
-.9407784491011210E+00
.2973115601990070E+00
.1629163769512530E+00
-.1629321180297720E+00
.9407770535606070E+00
.2973073500742200E+00
.2973146161528630E+00
.1629407003185430E+00
-.9407732708796410E+00
.9407778099838120E+00
.2973130309280580E+00
-.1629173836103250E+00
.2973148921675670E+00
-.1629418863045790E+00
.9407729782380519E+00
.9407785040197960E+00
-.2973112661647660E+00
.1629165964098770E+00
-.2973145929227930E+00
-.1629405466597450E+00
-.9407733048345800E+00
-.9407778440158250E+00
-.2973139562903720E+00
-.1629154983539120E+00
-.2973138157197560E+00
.1629424321377750E+00
.9407732238914890E+00
.1629309508567530E+00
.9407771686008960E+00
-.2973076256879340E+00
-.1629327106036380E+00
-.9407770079850321E+00
-.2973071695436910E+00
.1726333652927830E+00
-.8011321784852080E+00
.5730488232107580E+00
-.8011330974831500E+00
.5730567073895210E+00
.1726029264900650E+00
-.1726328561027520E+00
.8011323001286170E+00
.5730488065465610E+00
.5730618091313900E+00
.1726312337826020E+00
-.8011233488282280E+00
.8011321159139640E+00
.5730579436265930E+00
-.1726033780019260E+00
.5730625950974310E+00
-.1726316296145690E+00
.8011227013116130E+00
.8011333182883100E+00
-.5730564737202050E+00
.1726026774291910E+00
-.5730624734837630E+00
-.1726311204019310E+00
-.8011228980334070E+00
-.8011323251199310E+00
-.5730579925652680E+00
-.1726022444958280E+00
-.5730619051209730E+00
.1726316726363900E+00
.8011231855974980E+00
.1726322577130900E+00
.8011316680287750E+00
-.5730498704984710E+00
-.1726332466516430E+00
-.8011317201926790E+00
-.5730494996521960E+00
.4169814826951520E+00
-.9086741153367330E+00
.2092355625503900E-01
-.9086749946197030E+00
.2093011256434600E-01
.4169792375417830E+00
-.4169812266072460E+00
.9086742335398150E+00
.2092352642231400E-01
.2093080456554800E-01
.4169820721728920E+00
-.9086736778990790E+00
.9086751895169440E+00
.2092963418060500E-01
-.4169788368363700E+00
.2093182975244300E-01
-.4169824882022680E+00
.9086734633716670E+00
.9086750528873500E+00
-.2092905586649100E-01
.4169791636049810E+00
-.2093215983447800E-01
-.4169817844281700E+00
-.9086737787235650E+00
-.9086752340339110E+00
-.2093095816440400E-01
-.4169786733680000E+00
-.2092999254446600E-01
.4169818870187910E+00
.9086737815686869E+00
.4169790029457150E+00
.9086752295023800E+00
-.2092458819653300E-01
-.4169788930585240E+00
-.9086753366306120E+00
-.2092212567909800E-01
.4076803010074850E+00
-.6379159571194190E+00
.6533452409123850E+00
-.6379241137879960E+00
.6533560228734110E+00
.4076502574791770E+00
-.4076797230620500E+00
.6379158422574110E+00
.6533457136930400E+00
.6533655196527030E+00
.4076694917750910E+00
-.6379020953130600E+00
.6379238387920170E+00
.6533562931993270E+00
-.4076502545536940E+00
.6533661587030550E+00
-.4076695053371010E+00
.6379014321035960E+00
.6379250508484920E+00
-.6533556332975810E+00
.4076494154764190E+00
-.6533661218442360E+00
-.4076697085862530E+00
-.6379013399636519E+00
-.6379239060865470E+00
-.6533564102304660E+00
-.4076499616755060E+00
-.6533656769725730E+00
.4076693034612720E+00
.6379020545268470E+00
.4076796444657800E+00
.6379150507113560E+00
-.6533465355874960E+00
-.4076797078078580E+00
-.6379156406884831E+00
-.6533459200199410E+00
.6925592797886260E+00
.4249581270025820E+00
.5828998492649640E+00
.4249414942722130E+00
.5828858614514461E+00
.6925812580237100E+00
-.6925586146887770E+00
-.4249571642825520E+00
.5829013413479970E+00
.5828780463943000E+00
.6925704234257940E+00
.4249698714348810E+00
-.4249419816427350E+00
.5828859149746890E+00
-.6925809139455590E+00
.5828779355330250E+00
-.6925702975395170E+00
-.4249702286452360E+00
-.4249407192680040E+00
-.5828850436325880E+00
.6925824218224340E+00
-.5828778454229280E+00
-.6925696438929030E+00
.4249714174779080E+00
.4249410875703170E+00
-.5828857518462780E+00
-.6925815998055080E+00
-.5828795352595670E+00
.6925693209927430E+00
-.4249696259678350E+00
.6925588615363280E+00
-.4249580070954720E+00
-.5829004336187700E+00
-.6925594297762300E+00
.4249569931155230E+00
-.5829004977097190E+00
-.2880352623152690E+00
-.4157486636889360E+00
.8626637446327730E+00
-.4157565078939550E+00
.8626552001782160E+00
-.2880495300279200E+00
.2880364951529810E+00
.4157488046373420E+00
.8626632650707970E+00
.8626498707815030E+00
-.2880395579098790E+00
-.4157744743484600E+00
.4157549047446150E+00
.8626559505859840E+00
.2880495965964700E+00
.8626496925161460E+00
.2880407914713310E+00
.4157739896270190E+00
.4157551573938520E+00
-.8626556601779830E+00
-.2880501016547310E+00
-.8626501176178970E+00
.2880384842416780E+00
-.4157747060242920E+00
-.4157545104356250E+00
-.8626557215563910E+00
.2880508516190430E+00
-.8626492744025021E+00
-.2880402829226430E+00
.4157752094421700E+00
-.2880358513668350E+00
.4157499781308600E+00
-.8626629144756210E+00
.2880354697284560E+00
-.4157495109986580E+00
-.8626632670298910E+00
-.2252548537374520E+00
.7720757963113130E+00
-.5942720047402290E+00
.7720752010726720E+00
-.5942620839387029E+00
-.2252830652344350E+00
.2252534506790070E+00
-.7720754198390950E+00
-.5942730256687450E+00
-.5942585464031490E+00
-.2252588767608770E+00
.7720849813765610E+00
-.7720735256961559E+00
-.5942643029958200E+00
.2252829534252410E+00
-.5942587848196570E+00
.2252597008815390E+00
-.7720845574310010E+00
-.7720760618503740E+00
.5942612248967600E+00
-.2252823812503320E+00
.5942591414099850E+00
.2252600942196130E+00
.7720841682114959E+00
.7720741018035860E+00
.5942641031694410E+00
.2252815061393330E+00
.5942596268684160E+00
-.2252598150774410E+00
-.7720838760040830E+00
-.2252536603039060E+00
-.7720753507585441E+00
.5942730359613870E+00
.2252536811060020E+00
.7720750665574631E+00
.5942733973084140E+00
.7026734469820000E-03
-.6585721179663629E+00
-.7525172899590590E+00
-.6585701705808000E+00
-.7525189627843690E+00
.7355753621870000E-03
-.7038642505320000E-03
.6585730010712660E+00
-.7525165159882560E+00
-.7525165815206830E+00
.7149989658210000E-03
-.6585729141962220E+00
.6585722835848969E+00
-.7525171128920120E+00
-.7362733499120001E-03
-.7525167116925890E+00
-.7150029529540000E-03
.6585727654512830E+00
.6585698933595560E+00
.7525192063717731E+00
.7345760554479999E-03
.7525166522207400E+00
-.7149429780000000E-03
-.6585728334717640E+00
-.6585724695662780E+00
.7525169507803990E+00
-.7356069219680000E-03
.7525164902020860E+00
.7159846511920000E-03
.6585730174702830E+00
.7027589984280000E-03
.6585724060718530E+00
.7525170377410210E+00
-.7027715251670000E-03
-.6585729512828480E+00
.7525165605824120E+00
-.9903655291375310E+00
-.3795021965477600E-01
.1331761972887540E+00
-.3794391613589700E-01
.1331724224625030E+00
-.9903662782646330E+00
.9903655796803620E+00
.3795058545799700E-01
.1331757171851380E+00
.1331749942896710E+00
-.9903655990503490E+00
-.3795261668962900E-01
.3794463136951200E-01
.1331718814738690E+00
.9903663236070490E+00
.1331729228988370E+00
.9903659118939260E+00
.3795172150368700E-01
.3794458324359200E-01
-.1331725433769480E+00
-.9903662364463890E+00
-.1331746444928070E+00
.9903657014230630E+00
-.3795117269622800E-01
-.3794405270948200E-01
-.1331727874649610E+00
.9903662239509140E+00
-.1331721071758070E+00
-.9903660289726290E+00
.3795152865619400E-01
-.9903658273902231E+00
.3794679871900000E-01
-.1331749541192270E+00
.9903657898122760E+00
-.3794789776936200E-01
-.1331749204031760E+00
-.8318971771979941E+00
-.3287957376251300E+00
-.4470351770158100E+00
-.3288033703013490E+00
-.4470557353361520E+00
-.8318831126916370E+00
.8318968351889550E+00
.3287952674382660E+00
-.4470361592900510E+00
-.4470563217385160E+00
-.8318897226893990E+00
-.3287858489615760E+00
.3288027966399390E+00
-.4470570311025870E+00
.8318826430834430E+00
-.4470566509653360E+00
.8318894860202670E+00
.3287860001225630E+00
.3288015240933520E+00
.4470562870281800E+00
-.8318835459260310E+00
.4470550379243870E+00
.8318896135874920E+00
-.3287878706273650E+00
-.3288018923010070E+00
.4470570650269380E+00
.8318829822930490E+00
.4470569298101030E+00
-.8318893036532460E+00
.3287860823941360E+00
-.8318970494831910E+00
.3287956680020820E+00
.4470354658908240E+00
.8318975106633230E+00
-.3287943053538430E+00
.4470356099004320E+00
-.9242979508717190E+00
-.3609717606501140E+00
.1239866364875590E+00
-.3609696066338800E+00
.1239545241198450E+00
-.9243030991167370E+00
.9242981936292700E+00
.3609718842630750E+00
.1239844668707900E+00
.1239653919357260E+00
-.9242992341953939E+00
-.3609757710262970E+00
.3609702882526050E+00
.1239532141308450E+00
.9243030085991630E+00
.1239664914948820E+00
.9242992397385020E+00
.3609753792231220E+00
.3609703902632230E+00
-.1239548929588280E+00
-.9243027436207160E+00
-.1239668432568190E+00
.9242995239144680E+00
-.3609745307697300E+00
-.3609696137874400E+00
-.1239529624521800E+00
.9243033057505931E+00
-.1239652378755890E+00
-.9242995184877461E+00
.3609750959855390E+00
-.9242994979328980E+00
.3609683268873650E+00
-.1239851003351960E+00
.9242991186516040E+00
-.3609693732544540E+00
-.1239848814660660E+00
