.1817588940930630E+00
.9537362078499280E+00
-.2394805843286270E+00
.1817588940930630E+00
-.9537362078499280E+00
.2394805843286270E+00
.1404050860404760E+00
.1514919750543510E+00
-.9784357890655750E+00
.1404050860404760E+00
-.1514919750543510E+00
.9784357890655750E+00
-.5744277724062520E+00
.6993600716590299E-01
-.8155621921143460E+00
-.5744277724062520E+00
-.6993600716590299E-01
.8155621921143460E+00
.4529620911251040E+00
.8907015132959730E+00
-.3842080467807900E-01
.4529620911251040E+00
-.8907015132959730E+00
.3842080467807900E-01
.9375165368080770E+00
-.3060168878265140E+00
-.1655790071012650E+00
.9375165368080770E+00
.3060168878265140E+00
.1655790071012650E+00
-.6216003578515730E+00
.7283305104691650E+00
.2883533642161940E+00
-.6216003578515730E+00
-.7283305104691650E+00
-.2883533642161940E+00
.2204058874189430E+00
.6399168526944620E+00
.7361573652725060E+00
.2204058874189430E+00
-.6399168526944620E+00
-.7361573652725060E+00
.1201444043536660E+00
-.8237321422589720E+00
.5541034920736591E+00
.1201444043536660E+00
.8237321422589720E+00
-.5541034920736591E+00
.5143464943941480E+00
.4544010371964900E-01
-.8563777675154080E+00
.5143464943941480E+00
-.4544010371964900E-01
.8563777675154080E+00
-.3226272998908600E+00
-.6460579735523950E+00
.6917519209881390E+00
-.3226272998908600E+00
.6460579735523950E+00
-.6917519209881390E+00
-.6807642032106050E+00
.7210290968826660E+00
-.1291400057761790E+00
-.6807642032106050E+00
-.7210290968826660E+00
.1291400057761790E+00
.7732252587485270E+00
-.5943743810205520E+00
-.2210017973591710E+00
.7732252587485270E+00
.5943743810205520E+00
.2210017973591710E+00
-.6801718252160310E+00
-.3909348725653560E+00
-.6201098399565010E+00
-.6801718252160310E+00
.3909348725653560E+00
.6201098399565010E+00
.5594522528760369E+00
-.4526647697406040E+00
-.6943398181034180E+00
.5594522528760369E+00
.4526647697406040E+00
.6943398181034180E+00
.8837787053574400E+00
.3701287771495660E+00
-.2862514424396330E+00
.8837787053574400E+00
-.3701287771495660E+00
.2862514424396330E+00
-.7548289366871540E+00
-.5458403684109940E+00
.3637190791929490E+00
-.7548289366871540E+00
.5458403684109940E+00
-.3637190791929490E+00
-.4261501840252750E+00
.4697319043079080E+00
.7731416162300190E+00
-.4261501840252750E+00
-.4697319043079080E+00
-.7731416162300190E+00
-.2891997307810570E+00
-.1141146908438000E-02
.9572680990799670E+00
-.2891997307810570E+00
.1141146908438000E-02
-.9572680990799670E+00
.2156175384205380E+00
.5551430456926660E+00
-.8033214026532680E+00
.2156175384205380E+00
-.5551430456926660E+00
.8033214026532680E+00
-.1142885550934610E+00
-.7345757574468110E+00
-.6688322530817180E+00
-.1142885550934610E+00
.7345757574468110E+00
.6688322530817180E+00
.6081000029356700E+00
-.3320926640358030E+00
.7210609190210741E+00
.6081000029356700E+00
.3320926640358030E+00
-.7210609190210741E+00
.5277999076391210E+00
-.6519899344971070E+00
.5443678745360240E+00
.5277999076391210E+00
.6519899344971070E+00
-.5443678745360240E+00
-.3476131255376350E+00
.8426164711869130E+00
.4112938091617060E+00
-.3476131255376350E+00
-.8426164711869130E+00
-.4112938091617060E+00
.7011729307795620E+00
-.6800632859976360E+00
.2141738737483470E+00
.7011729307795620E+00
.6800632859976360E+00
-.2141738737483470E+00
.5145958094100040E+00
-.7659978321573920E+00
-.3852771393219620E+00
.5145958094100040E+00
.7659978321573920E+00
.3852771393219620E+00
-.3404984558552070E+00
.9361739012206090E+00
-.8740267873401600E-01
-.3404984558552070E+00
-.9361739012206090E+00
.8740267873401600E-01
-.2858476371939010E+00
.8586667805120580E+00
-.4254203666633700E+00
-.2858476371939010E+00
-.8586667805120580E+00
.4254203666633700E+00
.8815310772887310E+00
.8500866021985500E-01
-.4644098270687960E+00
.8815310772887310E+00
-.8500866021985500E-01
.4644098270687960E+00
.2539113440303980E+00
.2499461780418660E+00
.9343746237303410E+00
.2539113440303980E+00
-.2499461780418660E+00
-.9343746237303410E+00
-.5108373289191400E-01
.9919445384823899E+00
.1159158523458380E+00
-.5108373289191400E-01
-.9919445384823899E+00
-.1159158523458380E+00
.1810801613396430E+00
-.9137220927267060E+00
-.3637607901473340E+00
.1810801613396430E+00
.9137220927267060E+00
.3637607901473340E+00
-.8679861126806940E+00
.4458967565200780E+00
.2185776537860360E+00
-.8679861126806940E+00
-.4458967565200780E+00
-.2185776537860360E+00
.7739257608930940E+00
-.2331832486541310E+00
-.5887822086216830E+00
.7739257608930940E+00
.2331832486541310E+00
.5887822086216830E+00
-.8424325909894070E+00
.6277342201211999E-01
.5351325323170310E+00
-.8424325909894070E+00
-.6277342201211999E-01
-.5351325323170310E+00
-.6064406511682630E+00
.4084134608114910E+00
-.6822229706297420E+00
-.6064406511682630E+00
-.4084134608114910E+00
.6822229706297420E+00
-.9752309225648200E+00
-.2174584238096540E+00
-.4045344983888100E-01
-.9752309225648200E+00
.2174584238096540E+00
.4045344983888100E-01
-.1053351925270160E+00
.3292023396681070E+00
.9383657691905730E+00
-.1053351925270160E+00
-.3292023396681070E+00
-.9383657691905730E+00
-.9277585438858890E+00
-.1797192523257550E+00
.3270551552972100E+00
-.9277585438858890E+00
.1797192523257550E+00
-.3270551552972100E+00
-.1274443130890260E+00
-.4015046184867180E+00
.9069465190469480E+00
-.1274443130890260E+00
.4015046184867180E+00
-.9069465190469480E+00
.1000000000008138E+01
.0000000000000000E+00
.0000000000000000E+00
