-.1587967767087370E+00
-.1986011677419210E+00
-.9671303737751500E+00
.1587967767087370E+00
-.1986011677419210E+00
-.9671303737751500E+00
-.1587967767087370E+00
.1986011677419210E+00
-.9671303737751500E+00
.1587967767087370E+00
.1986011677419210E+00
-.9671303737751500E+00
.4460103073173390E+00
.7735089754942510E+00
.4502873200485740E+00
-.4460103073173390E+00
.7735089754942510E+00
.4502873200485740E+00
.4460103073173390E+00
-.7735089754942510E+00
.4502873200485740E+00
-.4460103073173390E+00
-.7735089754942510E+00
.4502873200485740E+00
-.5371927109985239E+00
.8257405385196610E+00
.1719783541476000E+00
.5371927109985239E+00
.8257405385196610E+00
.1719783541476000E+00
-.5371927109985239E+00
-.8257405385196610E+00
.1719783541476000E+00
.5371927109985239E+00
-.8257405385196610E+00
.1719783541476000E+00
-.3868005865497420E+00
-.1422061150968620E+00
.9111326616216950E+00
.3868005865497420E+00
-.1422061150968620E+00
.9111326616216950E+00
-.3868005865497420E+00
.1422061150968620E+00
.9111326616216950E+00
.3868005865497420E+00
.1422061150968620E+00
.9111326616216950E+00
.9842843042592860E+00
-.1613668913060560E+00
-.7172959486175701E-01
-.9842843042592860E+00
-.1613668913060560E+00
-.7172959486175701E-01
.9842843042592860E+00
.1613668913060560E+00
-.7172959486175701E-01
-.9842843042592860E+00
.1613668913060560E+00
-.7172959486175701E-01
-.7065768376712610E+00
.4985568671339310E+00
.5021854465235730E+00
.7065768376712610E+00
.4985568671339310E+00
.5021854465235730E+00
-.7065768376712610E+00
-.4985568671339310E+00
.5021854465235730E+00
.7065768376712610E+00
-.4985568671339310E+00
.5021854465235730E+00
-.6471648227852050E+00
-.5208131032230880E+00
-.5567148315435210E+00
.6471648227852050E+00
-.5208131032230880E+00
-.5567148315435210E+00
-.6471648227852050E+00
.5208131032230880E+00
-.5567148315435210E+00
.6471648227852050E+00
.5208131032230880E+00
-.5567148315435210E+00
.8558585816424670E+00
-.1431359545372340E+00
-.4970092421149330E+00
-.8558585816424670E+00
-.1431359545372340E+00
-.4970092421149330E+00
.8558585816424670E+00
.1431359545372340E+00
-.4970092421149330E+00
-.8558585816424670E+00
.1431359545372340E+00
-.4970092421149330E+00
.2017536240024070E+00
.5590463174884730E+00
.8042155743981040E+00
-.2017536240024070E+00
.5590463174884730E+00
.8042155743981040E+00
.2017536240024070E+00
-.5590463174884730E+00
.8042155743981040E+00
-.2017536240024070E+00
-.5590463174884730E+00
.8042155743981040E+00
.8853552510762280E+00
.3954345394511850E+00
-.2444945897167860E+00
-.8853552510762280E+00
.3954345394511850E+00
-.2444945897167860E+00
.8853552510762280E+00
-.3954345394511850E+00
-.2444945897167860E+00
-.8853552510762280E+00
-.3954345394511850E+00
-.2444945897167860E+00
.1547426220554230E+00
.8216406977800990E+00
.5485993844973260E+00
-.1547426220554230E+00
.8216406977800990E+00
.5485993844973260E+00
.1547426220554230E+00
-.8216406977800990E+00
.5485993844973260E+00
-.1547426220554230E+00
-.8216406977800990E+00
.5485993844973260E+00
.4948058293441860E+00
-.4383141910082750E+00
.7503651519145690E+00
-.4948058293441860E+00
-.4383141910082750E+00
.7503651519145690E+00
.4948058293441860E+00
.4383141910082750E+00
.7503651519145690E+00
-.4948058293441860E+00
.4383141910082750E+00
.7503651519145690E+00
.7524766585438550E+00
.6569385835764390E+00
-.4701676036539500E-01
-.7524766585438550E+00
.6569385835764390E+00
-.4701676036539500E-01
.7524766585438550E+00
-.6569385835764390E+00
-.4701676036539500E-01
-.7524766585438550E+00
-.6569385835764390E+00
-.4701676036539500E-01
-.8512921452178310E+00
-.4752466855271930E+00
.2223561813528920E+00
.8512921452178310E+00
-.4752466855271930E+00
.2223561813528920E+00
-.8512921452178310E+00
.4752466855271930E+00
.2223561813528920E+00
.8512921452178310E+00
.4752466855271930E+00
.2223561813528920E+00
-.6130151684775900E+00
-.2596611571351290E+00
-.7461826094808410E+00
.6130151684775900E+00
-.2596611571351290E+00
-.7461826094808410E+00
-.6130151684775900E+00
.2596611571351290E+00
-.7461826094808410E+00
.6130151684775900E+00
.2596611571351290E+00
-.7461826094808410E+00
.7393477195598690E+00
.1358708200072730E+00
.6594725694463510E+00
-.7393477195598690E+00
.1358708200072730E+00
.6594725694463510E+00
.7393477195598690E+00
-.1358708200072730E+00
.6594725694463510E+00
-.7393477195598690E+00
-.1358708200072730E+00
.6594725694463510E+00
.5789115747219800E+00
.7417356771298400E+00
-.3386584915894710E+00
-.5789115747219800E+00
.7417356771298400E+00
-.3386584915894710E+00
.5789115747219800E+00
-.7417356771298400E+00
-.3386584915894710E+00
-.5789115747219800E+00
-.7417356771298400E+00
-.3386584915894710E+00
.2825823871141050E+00
-.4550522283910910E+00
-.8444374837305580E+00
-.2825823871141050E+00
-.4550522283910910E+00
-.8444374837305580E+00
.2825823871141050E+00
.4550522283910910E+00
-.8444374837305580E+00
-.2825823871141050E+00
.4550522283910910E+00
-.8444374837305580E+00
.1225392795522570E+00
.9808369593474709E+00
.1514694165329120E+00
-.1225392795522570E+00
.9808369593474709E+00
.1514694165329120E+00
.1225392795522570E+00
-.9808369593474709E+00
.1514694165329120E+00
-.1225392795522570E+00
-.9808369593474709E+00
.1514694165329120E+00
.1446500125940030E+00
-.9232639860087340E+00
-.3558932227449960E+00
-.1446500125940030E+00
-.9232639860087340E+00
-.3558932227449960E+00
.1446500125940030E+00
.9232639860087340E+00
-.3558932227449960E+00
-.1446500125940030E+00
.9232639860087340E+00
-.3558932227449960E+00
-.9373350712059060E+00
.1594420119512840E+00
.3098083425480120E+00
.9373350712059060E+00
.1594420119512840E+00
.3098083425480120E+00
-.9373350712059060E+00
-.1594420119512840E+00
.3098083425480120E+00
.9373350712059060E+00
-.1594420119512840E+00
.3098083425480120E+00
.3088410424376330E+00
-.7255726603556910E+00
-.6149483921845810E+00
-.3088410424376330E+00
-.7255726603556910E+00
-.6149483921845810E+00
.3088410424376330E+00
.7255726603556910E+00
-.6149483921845810E+00
-.3088410424376330E+00
.7255726603556910E+00
-.6149483921845810E+00
.3472223378050300E+00
.9312096873612490E+00
-.1108384693767250E+00
-.3472223378050300E+00
.9312096873612490E+00
-.1108384693767250E+00
.3472223378050300E+00
-.9312096873612490E+00
-.1108384693767250E+00
-.3472223378050300E+00
-.9312096873612490E+00
-.1108384693767250E+00
.0000000000000000E+00
-.6671574265226150E+00
-.7449167525540840E+00
.0000000000000000E+00
.6671574265226150E+00
-.7449167525540840E+00
.0000000000000000E+00
.3197879356103080E+00
.9474891430713590E+00
.0000000000000000E+00
-.3197879356103080E+00
.9474891430713590E+00
-.4819384493669450E+00
.0000000000000000E+00
-.8762050736110720E+00
.4819384493669450E+00
.0000000000000000E+00
-.8762050736110720E+00
.0000000000000000E+00
.0000000000000000E+00
.1000000000000000E+01
