.57735026918962576449
.81649658092772603273
0
.57735026918962576449
.25231131935570691969
.77653439382402705097
.57735026918962576449
-.66055960981956993606
.47992464881654514993
.57735026918962576449
-.66055960981956993606
-.47992464881654514993
.57735026918962576449
.25231131935570691969
-.77653439382402705097
-.57735026918962576449
.81649658092772603273
0
-.57735026918962576449
.25231131935570691969
.77653439382402705097
-.57735026918962576449
-.66055960981956993606
.47992464881654514993
-.57735026918962576449
-.66055960981956993606
-.47992464881654514993
-.57735026918962576449
.25231131935570691969
-.77653439382402705097
