.85034020740731091045
.46232062781765630734
.25135864568536245197
.85034020740731091045
-.46232062781765630734
-.25135864568536245197
.85034020740731091045
.25135864568536245197
-.46232062781765630734
.85034020740731091045
-.25135864568536245197
.46232062781765630734
-.85034020740731091045
.46232062781765630734
-.25135864568536245197
-.85034020740731091045
-.46232062781765630734
.25135864568536245197
-.85034020740731091045
.25135864568536245197
.46232062781765630734
-.85034020740731091045
-.25135864568536245197
-.46232062781765630734
.25135864568536245197
.85034020740731091045
.46232062781765630734
-.25135864568536245197
.85034020740731091045
-.46232062781765630734
-.46232062781765630734
.85034020740731091045
.25135864568536245197
.46232062781765630734
.85034020740731091045
-.25135864568536245197
-.25135864568536245197
-.85034020740731091045
.46232062781765630734
.25135864568536245197
-.85034020740731091045
-.46232062781765630734
.46232062781765630734
-.85034020740731091045
.25135864568536245197
-.46232062781765630734
-.85034020740731091045
-.25135864568536245197
.46232062781765630734
.25135864568536245197
.85034020740731091045
-.46232062781765630734
-.25135864568536245197
.85034020740731091045
.25135864568536245197
-.46232062781765630734
.85034020740731091045
-.25135864568536245197
.46232062781765630734
.85034020740731091045
.46232062781765630734
-.25135864568536245197
-.85034020740731091045
-.46232062781765630734
.25135864568536245197
-.85034020740731091045
.25135864568536245197
.46232062781765630734
-.85034020740731091045
-.25135864568536245197
-.46232062781765630734
-.85034020740731091045
