-.3848362110710000E-03
.6785943738200000E-04
.9999999236480910E+00
-.2137754646187220E+00
.9732556097130930E+00
.8410451170445300E-01
.9497759638961010E+00
-.3014556741287570E+00
.8396484348112000E-01
-.7359272702429350E+00
-.6718464512967620E+00
.8386536110176300E-01
.3505987659316380E+00
-.4600499996209520E+00
.8157416890020850E+00
.2230671143315660E+00
.5337168436702840E+00
.8157128129963500E+00
-.5743418850121660E+00
-.7402734338974500E-01
.8152615234091010E+00
.6069184732342250E+00
.9621921466409000E-01
.7889181387041770E+00
-.3871899033644770E+00
.4772479145504400E+00
.7888716034880850E+00
-.2201339951474480E+00
-.5738345147318060E+00
.7888313976274880E+00
.1670261111777550E+00
.8819212679120620E+00
.4408141959932980E+00
.6802625870201470E+00
-.5857399408601860E+00
.4406262978781040E+00
-.8477550878559970E+00
-.2958983375736630E+00
.4401766518517470E+00
-.6067484414052530E+00
.6813784409929760E+00
.4093650559125400E+00
.8935103371022191E+00
.1846758326450590E+00
.4093093137571300E+00
-.2871253303143060E+00
-.8661055527848420E+00
.4091701554697800E+00
.2738412029426030E+00
-.9265812375572799E+00
.2577948909070310E+00
.6655406195653940E+00
.7004837256696160E+00
.2576397364160370E+00
-.9395634682257510E+00
.2264708441017460E+00
.2567711937648800E+00
-.2079713557855620E+00
-.9555836946931590E+00
-.2088246096830710E+00
.9317047929401510E+00
.2971732791336620E+00
-.2088401804761170E+00
-.7230466442304870E+00
.6584224553014530E+00
-.2090057908811100E+00
.5411528970234580E+00
.8061067317414290E+00
-.2394691610297040E+00
.4277967226143330E+00
-.8715601387170130E+00
-.2395263841834900E+00
-.9685033663985870E+00
.6531315977290200E-01
-.2402819602780950E+00
-.7438537368507000E-02
.9246398162478550E+00
-.3807701122343380E+00
.8045301740243700E+00
-.4555981634199360E+00
-.3810006726669880E+00
-.7967008314723710E+00
-.4691013720253710E+00
-.3810665137415600E+00
-.2683751066442910E+00
-.7290950297897910E+00
-.6295992691144811E+00
.7655107928305190E+00
.1323039190709650E+00
-.6296736448815800E+00
-.4970189413872620E+00
.5970455795359310E+00
-.6296894058652170E+00
.3393043628439680E+00
.5832214349098280E+00
-.7380550841344909E+00
.3353265320057930E+00
-.5854969848069870E+00
-.7380714042116080E+00
-.6743785592788050E+00
.2474883515530000E-02
-.7383816315000180E+00
.3541308896531150E+00
-.8295502986649000E-01
-.9315094073670660E+00
-.2486167804576440E+00
-.2652218782347170E+00
-.9315830890374320E+00
-.1050025337157060E+00
.3480125309111530E+00
-.9315909758268890E+00
