-.1512996476014800E+00
-.6486010931098100E-01
.9863577357408601E+00
-.6485981878346300E-01
.9863578489646530E+00
-.1512990340127760E+00
.1512997870054020E+00
.6485933380115699E-01
.9863577653524050E+00
.9863578070105690E+00
-.1512994985878720E+00
-.6485937308022099E-01
.6485961327735100E-01
.9863576630957240E+00
.1513003338325980E+00
.9863576836063510E+00
.1513003241137290E+00
.6485932403127199E-01
.6485974284315600E-01
-.9863577659993810E+00
-.1512996074384510E+00
-.9863577671999950E+00
.1512997074907170E+00
-.6485949119029399E-01
-.6485953793595600E-01
-.9863577739742380E+00
.1512996432888100E+00
-.9863577250836441E+00
-.1512999810191970E+00
.6485949361049100E-01
-.1512994919399410E+00
.6485965971023400E-01
-.9863577891825001E+00
.1512999506038720E+00
-.6485979669118000E-01
-.9863577098195390E+00
-.8931807290009079E+00
.2561748646705420E+00
.3695979221430180E+00
.2561750832927070E+00
.3695983720178030E+00
-.8931804801392410E+00
.8931807845074970E+00
-.2561750888306630E+00
.3695976326347000E+00
.3695979322488110E+00
-.8931806740573460E+00
.2561750416568100E+00
-.2561747892207450E+00
.3695975614640790E+00
.8931808998895540E+00
.3695975213706860E+00
.8931809687504080E+00
-.2561746069748680E+00
-.2561749349733440E+00
-.3695979480355770E+00
-.8931806981228910E+00
-.3695980460101770E+00
.8931806279539970E+00
.2561750382710300E+00
.2561753067185860E+00
-.3695980301450060E+00
.8931805575249440E+00
-.3695975696570180E+00
-.8931808046919960E+00
-.2561751093166230E+00
-.8931806753677710E+00
-.2561749506988640E+00
-.3695979921265900E+00
.8931808305269811E+00
.2561749330666410E+00
-.3695976293855710E+00
.7031280393841260E+00
-.2706835346039220E+00
.6575267175759200E+00
-.2706837431405570E+00
.6575265185619760E+00
.7031281452105190E+00
-.7031278474523190E+00
.2706833953859790E+00
.6575269801303870E+00
.6575264085839940E+00
.7031282603067410E+00
-.2706837113175660E+00
.2706832228031860E+00
.6575275468835090E+00
-.7031273838944370E+00
.6575270730426080E+00
-.7031278417684470E+00
.2706831844538320E+00
.2706836922262320E+00
-.6575269223249900E+00
.7031277872340140E+00
-.6575267690629510E+00
-.7031280511917910E+00
-.2706833788633320E+00
-.2706837860288380E+00
-.6575268217678770E+00
-.7031278451582820E+00
-.6575270082297080E+00
.7031278082606360E+00
.2706834289332900E+00
.7031281443601900E+00
.2706836587789500E+00
-.6575265542003890E+00
-.7031278262144310E+00
-.2706833504958850E+00
-.6575270213210180E+00
-.8166266284288880E+00
.4612409455560420E+00
-.3469549536804960E+00
.4612415894815450E+00
-.3469542532519680E+00
-.8166265623177500E+00
.8166265295798750E+00
-.4612407582722580E+00
-.3469554353152050E+00
-.3469545882897840E+00
-.8166269332853580E+00
.4612406806620800E+00
-.4612410924474160E+00
-.3469546640051240E+00
.8166266685352660E+00
-.3469545332529290E+00
.8166268571880390E+00
-.4612408567922270E+00
-.4612411364711540E+00
.3469544519275260E+00
-.8166267337740470E+00
.3469543456941160E+00
.8166266149316640E+00
.4612414267921080E+00
.4612412362417780E+00
.3469545994998080E+00
.8166266147243090E+00
.3469543370659510E+00
-.8166269824510120E+00
-.4612407825898320E+00
-.8166266334315230E+00
-.4612409913922130E+00
.3469548809713240E+00
.8166267940960130E+00
.4612408115994900E+00
.3469547418317140E+00
-.7030457498641060E+00
-.1411568583393420E+00
.6969945587605290E+00
-.1411570099080670E+00
.6969943405044490E+00
-.7030459358097320E+00
.7030458749978920E+00
.1411568048239070E+00
.6969944433783920E+00
.6969947428401930E+00
-.7030454571581970E+00
-.1411574072528800E+00
.1411566309015150E+00
.6969943032324220E+00
.7030460488574590E+00
.6969944568658710E+00
.7030457952687160E+00
.1411571353252420E+00
.1411567559465410E+00
-.6969942645868380E+00
-.7030460620640030E+00
-.6969947569043620E+00
.7030455128997580E+00
-.1411570601824310E+00
-.1411569121734870E+00
-.6969946143953630E+00
.7030456838993500E+00
-.6969946861864140E+00
-.7030455940159450E+00
.1411570053616530E+00
-.7030457608190600E+00
.1411567974755600E+00
-.6969945600367290E+00
.7030456973676560E+00
-.1411562007034350E+00
-.6969947448982660E+00
.4580325027535820E+00
-.1040464867843290E+00
.8828253253102391E+00
-.1040468744625460E+00
.8828251628236820E+00
.4580327278698710E+00
-.4580322159424960E+00
.1040463880563250E+00
.8828254857508590E+00
.8828249709234200E+00
.4580331398580250E+00
-.1040466890672700E+00
.1040459636944210E+00
.8828256702758510E+00
-.4580319566808570E+00
.8828254545457260E+00
-.4580323852530920E+00
.1040459074903730E+00
.1040464883173670E+00
-.8828253761153910E+00
.4580324044819790E+00
-.8828253441695300E+00
-.4580324413202080E+00
-.1040465972062620E+00
-.1040463125972160E+00
-.8828253072502760E+00
-.4580325771311240E+00
-.8828254461653350E+00
.4580322779858860E+00
.1040464508094210E+00
.4580320179852310E+00
.1040471293143670E+00
-.8828255010939690E+00
-.4580320947343320E+00
-.1040465293404370E+00
-.8828255319855050E+00
-.4112603605878130E+00
-.9044122865018880E+00
.1135928335486400E+00
-.9044123903177780E+00
.1135931185563420E+00
-.4112600535626180E+00
.4112602790842490E+00
.9044122559233010E+00
.1135933720921770E+00
.1135932764850050E+00
-.4112601433673200E+00
-.9044123296455510E+00
.9044124494872690E+00
.1135928637584630E+00
.4112599938184970E+00
.1135933397867510E+00
.4112598601705200E+00
.9044124504719160E+00
.9044123723390660E+00
-.1135933062227370E+00
-.4112600412651470E+00
-.1135929691488300E+00
.4112600456033530E+00
-.9044124127024580E+00
-.9044123621403520E+00
-.1135931163324560E+00
.4112601161425580E+00
-.1135928843487050E+00
-.4112605190171390E+00
.9044122080794220E+00
-.4112604947342370E+00
.9044121993103140E+00
-.1135930420828330E+00
.4112605625645990E+00
-.9044121908635510E+00
-.1135928637566670E+00
.5773502585696439E+00
.5773503331354159E+00
.5773502158638100E+00
-.5773500270324829E+00
-.5773504174497039E+00
.5773503630866130E+00
-.5773499944193951E+00
.5773503734074150E+00
-.5773504397419660E+00
.5773496569918330E+00
-.5773505685165360E+00
-.5773505820600220E+00
-.5773504843365200E+00
-.5773502233674830E+00
-.5773500998648080E+00
.5773501494018179E+00
.5773502809665449E+00
-.5773503772004920E+00
.5773505148966860E+00
-.5773503139206860E+00
.5773499787513789E+00
-.5773504160999250E+00
.5773501403448300E+00
.5773502511240890E+00
