.9483369883000001E-05
-.2191644410270000E-03
.9999999759385070E+00
-.3247488227909570E+00
.3620971502011950E+00
.8737412980465450E+00
.4760312131524460E+00
.1003998756508250E+00
.8736785158591860E+00
-.1509768585028650E+00
-.4624883948643070E+00
.8736764119583650E+00
-.5948939533773040E+00
-.2308333841207000E-02
.8038008807098930E+00
.2955621553636270E+00
.5163616216711771E+00
.8037497670182669E+00
.2999255268636830E+00
-.5139786785565610E+00
.8036607470349620E+00
-.1300000000000000E-13
.1000000000000000E+01
.8000000000000001E-14
-.2217265097990360E+00
.7611744702358100E+00
.6094676207261320E+00
-.5480634074678939E+00
-.5729468111061040E+00
.6093918714899520E+00
.7704896487554660E+00
-.1879264416685690E+00
.6091217888751540E+00
-.8574674328945709E+00
-.1932275449428910E+00
.4768780949053310E+00
.5962205790235560E+00
-.6459640006822400E+00
.4767090632360690E+00
.2618368853232950E+00
.8392568603093910E+00
.4765389468950250E+00
-.1165938224251160E+00
-.8854653769302440E+00
.4498410239518860E+00
-.7082919763813390E+00
.5440364991103380E+00
.4498297053659130E+00
.8254439400791980E+00
.3414995081435870E+00
.4494667815581240E+00
-.8659261524496240E+00
-.5001718676245250E+00
.3661674012000000E-04
-.9296005512243850E+00
.2898510212619220E+00
.2276602746127220E+00
.2139624877149270E+00
-.9500109435725950E+00
.2273747148280730E+00
.7158458306170610E+00
.6602183634597441E+00
.2273245682690460E+00
-.4349378544806330E+00
.8915302356558010E+00
.1265025756705990E+00
-.5544114341826050E+00
-.8225932010424269E+00
.1263660842408300E+00
.9896512038794150E+00
-.6912484642726099E-01
.1257467704016000E+00
-.9896512038794160E+00
-.6912484642726199E-01
-.1257467704015910E+00
.5544114341826180E+00
-.8225932010424050E+00
-.1263660842409150E+00
.4349378544806000E+00
.8915302356558190E+00
-.1265025756705870E+00
-.7158458306170929E+00
.6602183634597180E+00
-.2273245682690210E+00
-.2139624877148790E+00
-.9500109435726010E+00
-.2273747148280930E+00
.9296005512243700E+00
.2898510212619870E+00
-.2276602746127020E+00
.8659261524496180E+00
-.5001718676245350E+00
-.3661674008700000E-04
-.8254439400791910E+00
.3414995081435780E+00
-.4494667815581430E+00
.7082919763813020E+00
.5440364991103820E+00
-.4498297053659180E+00
.1165938224251540E+00
-.8854653769302200E+00
-.4498410239519230E+00
-.2618368853233290E+00
.8392568603093929E+00
-.4765389468950030E+00
-.5962205790235560E+00
-.6459640006822330E+00
-.4767090632360790E+00
.8574674328946200E+00
-.1932275449428030E+00
-.4768780949052790E+00
-.7704896487554720E+00
-.1879264416685900E+00
-.6091217888751400E+00
.5480634074679780E+00
-.5729468111059980E+00
-.6093918714899770E+00
.2217265097990020E+00
.7611744702358220E+00
-.6094676207261290E+00
-.2999255268636700E+00
-.5139786785565710E+00
-.8036607470349610E+00
-.2955621553636260E+00
.5163616216711870E+00
-.8037497670182620E+00
.5948939533772950E+00
-.2308333841155000E-02
-.8038008807098990E+00
.1509768585028990E+00
-.4624883948643090E+00
-.8736764119583580E+00
-.4760312131524530E+00
.1003998756508200E+00
-.8736785158591830E+00
.3247488227909340E+00
.3620971502011920E+00
-.8737412980465550E+00
-.9483369917000000E-05
-.2191644410470000E-03
-.9999999759385070E+00
