.9383118258138560E+00
-.1750792557749200E+00
-.2981915017822760E+00
-.1751096322456290E+00
-.2982825311210240E+00
.9382772235980340E+00
-.9383116523013461E+00
.1751477614500080E+00
-.2981518150449020E+00
-.2981827578157150E+00
.9383270575537280E+00
-.1750125024219040E+00
.1750977124101310E+00
-.2980583478457380E+00
-.9383506873169580E+00
-.2981854777577620E+00
-.9383236127415390E+00
.1750263369497320E+00
.1751212256614090E+00
.2980709997422250E+00
.9383422805328110E+00
.2981590222823750E+00
-.9382974848874340E+00
-.1752113788700180E+00
-.1751366381351110E+00
.2982885002265250E+00
-.9382702854803310E+00
.2981750565054620E+00
.9382926280748330E+00
.1752101018160420E+00
.9383097216767580E+00
.1750911370548140E+00
.2981911466354040E+00
-.9383070207140820E+00
-.1751442959881740E+00
.2981684263322820E+00
.3183193898656830E+00
-.1895522954118680E+00
.9288394335619220E+00
-.1894661062614570E+00
.9288339463361680E+00
.3183867062421130E+00
-.3182933144730710E+00
.1893628596173800E+00
.9288870078536330E+00
.9288529435535660E+00
.3183507003489590E+00
-.1894334733863170E+00
.1894416073975330E+00
.9288927988957520E+00
-.3182295485121640E+00
.9288662644063450E+00
-.3183138373071290E+00
.1894301027466670E+00
.1894518259149400E+00
-.9288871565521020E+00
.3182399347191460E+00
-.9288657503320540E+00
-.3182891226867960E+00
-.1894741466251780E+00
-.1894810419822530E+00
-.9288341329001750E+00
-.3183772735119440E+00
-.9288638749080860E+00
.3182773954415380E+00
.1895030380803610E+00
.3182754841245910E+00
.1895728238082200E+00
-.9288502897015400E+00
-.3183459025831120E+00
-.1893534180173150E+00
-.9288709110493790E+00
.4152709071162880E+00
.6265468605244530E+00
.6595370385882560E+00
.6266126549472570E+00
.6594514158910070E+00
.4153076097777360E+00
-.4152418281129630E+00
-.6266763943801670E+00
.6594322716641020E+00
.6594942179223080E+00
.4151968471621200E+00
.6266410093775210E+00
-.6266189964270690E+00
.6595218123324770E+00
-.4151862381804330E+00
.6594787856877939E+00
-.4151922150229020E+00
-.6266603193215040E+00
-.6266022331854350E+00
-.6595287758101400E+00
.4152004759696260E+00
-.6594726936833410E+00
-.4153261780732930E+00
.6265779537240910E+00
.6266060528732360E+00
-.6594438365947900E+00
-.4153296051087230E+00
-.6594986338231030E+00
.4153157815166040E+00
-.6265575421369630E+00
.4152509631584860E+00
-.6265428543902710E+00
-.6595534013318720E+00
-.4152672330732850E+00
.6266741585574390E+00
-.6594183983875370E+00
.8147686975402800E-01
.8847674930322230E+00
.4588551001880220E+00
.8848021501705901E+00
.4587806295976860E+00
.8151986849505800E-01
-.8148097265168000E-01
-.8848439651039500E+00
.4587068873636580E+00
.4587780511560210E+00
.8139667888042000E-01
.8848148283368230E+00
-.8848095158928860E+00
.4587845170278200E+00
-.8141798032957800E-01
.4587323275728680E+00
-.8138617295209800E-01
-.8848395009784490E+00
-.8848064690255750E+00
-.4587847998886890E+00
.8144949208920500E-01
-.4587707681467430E+00
-.8156762447812400E-01
.8848028621851550E+00
.8848211768135870E+00
-.4587411019232240E+00
-.8153579869288199E-01
-.4588108991167440E+00
.8157388735636099E-01
-.8847814757064350E+00
.8147060004176100E-01
-.8847779034947540E+00
-.4588361393964780E+00
-.8149754501781800E-01
.8848501095969900E+00
-.4586920902983440E+00
-.7225816121467720E+00
.6911694469079300E+00
-.1267317830534700E-01
.6911462318877840E+00
-.1272247709073500E-01
-.7226029509516230E+00
.7225897391740940E+00
-.6911572322235680E+00
-.1287436155202900E-01
-.1271999109003300E-01
-.7226498291394290E+00
.6910972625263569E+00
-.6911640879369000E+00
-.1283280970189800E-01
.7225839207604250E+00
-.1274089462228200E-01
.7226581266795230E+00
-.6910882009904870E+00
-.6911848254516650E+00
.1280693240541800E-01
-.7225645435168510E+00
.1278690708865000E-01
.7225094351193579E+00
.6912428018942500E+00
.6911667589030220E+00
.1267926954320300E-01
.7225840764307940E+00
.1279840273451600E-01
-.7225177746588930E+00
-.6912338722815931E+00
-.7225871989731150E+00
-.6911634956048890E+00
.1267920436853000E-01
.7225783528006580E+00
.6911703359443890E+00
.1280979212978900E-01
.5601175739954590E+00
.8068680228904130E+00
.1877026822886580E+00
.8068834787163790E+00
.1875714426539700E+00
.5601392734626480E+00
-.5601340935408990E+00
-.8068916312063850E+00
.1875518401461700E+00
.1876521312373620E+00
.5600251494167630E+00
.8069439321680340E+00
-.8068854415129990E+00
.1876857418815800E+00
-.5600981579765580E+00
.1876302229010670E+00
-.5600047208391949E+00
-.8069632036790220E+00
-.8068746775941580E+00
-.1876975169586680E+00
.5601097185238560E+00
-.1876148088020380E+00
-.5602157603217920E+00
.8068202931293010E+00
.8068923207022480E+00
-.1875761333114300E+00
-.5601249655243670E+00
-.1876364876816170E+00
.5602249742367100E+00
-.8068088539003420E+00
.5600918210887200E+00
-.8068808651992270E+00
-.1877243226778800E+00
-.5601293840974760E+00
.8068962450831860E+00
-.1875460549871360E+00
-.9948563422103200E-01
-.3588951295179950E+00
-.9280608248341810E+00
-.3590507942888110E+00
-.9279946080877720E+00
-.9954162185034500E-01
.9943438966061501E-01
.3591437619459990E+00
-.9279701290494740E+00
-.9280190267200989E+00
-.9942019096838001E-01
-.3590213248169130E+00
.3589908155319930E+00
-.9280357484444770E+00
.9937426212442400E-01
-.9280072072034909E+00
.9942025966856401E-01
.3590518560679110E+00
.3590029825622480E+00
.9280313484672880E+00
-.9937139816565700E-01
.9280179389220590E+00
.9951094937970199E-01
-.3589989916314580E+00
-.3590428637423850E+00
.9279961920762100E+00
.9955545935668900E-01
.9280136656320840E+00
-.9948954910509600E-01
.3590159690305810E+00
-.9945187531254500E-01
.3589267513480540E+00
.9280522138670591E+00
.9946550331739699E-01
-.3591200632919870E+00
.9279759661709870E+00
.7878331994376070E+00
.5574500823251660E+00
-.2618554096816970E+00
.5574053886878521E+00
-.2619772920486170E+00
.7878243021845780E+00
-.7878614778767180E+00
-.5573641116878389E+00
-.2619533139327300E+00
-.2618610280706080E+00
.7878026576023160E+00
.5574906049903740E+00
-.5574272044780030E+00
-.2618353048552930E+00
-.7878560686059189E+00
-.2618500918686550E+00
-.7878041469245110E+00
-.5574936371627220E+00
-.5573980474810630E+00
.2618066241900950E+00
.7878862279507650E+00
.2619281468060600E+00
-.7878933745001880E+00
.5573308499710470E+00
.5573998343635920E+00
.2619357785378840E+00
-.7878420352920970E+00
.2619095353283640E+00
.7879083713373940E+00
-.5573183952468600E+00
.7878589677335660E+00
-.5574443214494930E+00
.2617901362647470E+00
-.7878560239272930E+00
.5573693294883240E+00
.2619586152567080E+00
-.5072827321686140E+00
-.7170499460473529E+00
-.4780205063771150E+00
-.7170643140017600E+00
-.4779062710060660E+00
-.5073700481091310E+00
.5073317531927670E+00
.7171162628030801E+00
-.4778689755839950E+00
-.4778916169164080E+00
-.5072575026701600E+00
-.7171536993321960E+00
.7171087443614590E+00
-.4779885176598600E+00
.5072297563685140E+00
-.4779136769269750E+00
.5072353404128420E+00
.7171546742805260E+00
.7171036377589221E+00
.4779420929439370E+00
-.5072807196270021E+00
.4779497913306490E+00
.5073623117813870E+00
-.7170407809538000E+00
-.7170736052366210E+00
.4778899243873540E+00
.5073723138307850E+00
.4779668855044820E+00
-.5073968954290570E+00
.7170049141185160E+00
-.5072894944901550E+00
.7170398743210130E+00
.4780284378712520E+00
.5073429733358930E+00
-.7171476166924809E+00
.4778100075123900E+00
-.4697053900856580E+00
-.3362487640635100E+00
.8162803533040850E+00
-.3361804588591880E+00
.8163540175197370E+00
-.4696262526314000E+00
.4697292672795090E+00
.3360874275716510E+00
.8163330548797630E+00
.8162993201022140E+00
-.4696884809882010E+00
-.3362263386881820E+00
.3361661885920780E+00
.8162610446461910E+00
.4697980423975660E+00
.8163081878411480E+00
.4696844879905110E+00
.3362103868184210E+00
.3361611964247630E+00
-.8162545204851160E+00
-.4698129498065010E+00
-.8163147475476900E+00
.4697491969062010E+00
-.3361040388661380E+00
-.3361667115393140E+00
-.8163550823770680E+00
.4696342422885870E+00
-.8163020291364350E+00
-.4697523383167870E+00
.3361305369549900E+00
-.4697259147648690E+00
.3362543092749910E+00
-.8162662583326020E+00
.4697157090205860E+00
-.3360825711370180E+00
-.8163428557151829E+00
.2209757831175440E+00
.5619818996413199E+00
-.7970859726222270E+00
.5618985433861100E+00
-.7971884426164270E+00
.2208180560990520E+00
-.2209098087123600E+00
-.5618199356383180E+00
-.7972184244822900E+00
-.7971433029261999E+00
.2209065606243460E+00
.5619277943588750E+00
-.5619110464580350E+00
-.7971135607042630E+00
-.2210564344456110E+00
-.7971666081668140E+00
-.2209214541641100E+00
-.5618888768376120E+00
-.5619031892145560E+00
.7971171958991410E+00
.2210632985196790E+00
.7971490712061960E+00
-.2210199177081820E+00
.5618750343727400E+00
.5618715451873800E+00
.7971902229922720E+00
-.2208803184402730E+00
.7971513117794931E+00
.2209665013294830E+00
-.5618928647157230E+00
.2209896742277390E+00
-.5619592284389200E+00
.7970981052900900E+00
-.2209345147362070E+00
.5618214796441769E+00
.7972104899013210E+00
-.2558632109166300E-01
.9914006599926770E+00
-.1283357765359230E+00
.9913910231541920E+00
-.1284105096544480E+00
-.2558476538037500E-01
.2555531861480000E-01
-.9913788670530650E+00
-.1285101850091180E+00
-.1284273557345780E+00
-.2568716764003100E-01
.9913861930235141E+00
-.9913884123582900E+00
-.1284322897283740E+00
.2557660643704000E-01
-.1284710461501210E+00
.2569665752758400E-01
-.9913802863144920E+00
-.9913887704923130E+00
.1284336117570290E+00
-.2555607780520200E-01
.1284346430688090E+00
.2546732329508000E-01
.9913909208299070E+00
.9913860541495390E+00
.1284483459343360E+00
.2558738096289900E-01
.1283929891583590E+00
-.2544975216483000E-01
-.9913967674194480E+00
-.2558970505166500E-01
-.9913982207318930E+00
.1283539439402070E+00
.2557174693595500E-01
.9913764768665120E+00
.1285253549864190E+00
