.3851977720800260E+00
.1131931752420440E+00
-.9158657005605180E+00
.9070100070813230E+00
-.3591961167172310E+00
.2197976268971080E+00
.7116698456005290E+00
.5315289628736600E+00
-.4593506204299400E+00
.4884826623250380E+00
.4583440675300720E+00
-.7424994305505100E+00
-.9703207433520460E+00
-.4011113336678000E-01
.2384717006287460E+00
.2966805031472480E+00
.8575645964582890E+00
-.4201947666899570E+00
.3085056612860610E+00
-.1581831969671300E-01
.9510909723661680E+00
-.4807663641042030E+00
-.6960817015560949E+00
.5332297515187950E+00
.3711674736555080E+00
-.4289152694452710E+00
.8235693037849811E+00
.1412088320017740E+00
-.8672315437740590E+00
-.4774615327416000E+00
-.6366781266323850E+00
.1099818146582730E+00
-.7632463321316060E+00
.9909748252316300E-01
.7071774172348210E+00
.7000569901876980E+00
.9850386635234500E-01
-.9892744499300460E+00
-.1078566225562690E+00
-.5453823152160020E+00
.7895957952764900E+00
.2812411960067740E+00
.5500436944623820E+00
-.8331179125328519E+00
-.5802135812851000E-01
-.2400933788964220E+00
.7778069640604980E+00
.5808368928271430E+00
-.8586343239985690E+00
.4948183242829300E+00
-.1337980702601980E+00
.2321800000000000E-10
.2298800000000000E-10
-.1000000000000000E+01
-.1131931751821800E+00
.3851977720802070E+00
-.9158657005678400E+00
.3591961166846200E+00
.9070100071054790E+00
.2197976268507190E+00
-.5315289629061650E+00
.7116698455636740E+00
-.4593506204494260E+00
-.4583440674605130E+00
.4884826623252360E+00
-.7424994305933190E+00
.4011113333884900E-01
-.9703207433685580E+00
.2384717005662570E+00
-.8575645964157290E+00
.2966805031405790E+00
-.4201947667815260E+00
.1581831974263700E-01
.3085056613059310E+00
.9510909723589590E+00
.6960817015293310E+00
-.4807663641155960E+00
.5332297515434610E+00
.4289152695054860E+00
.3711674737115980E+00
.8235693037283430E+00
.8672315437924620E+00
.1412088320250460E+00
-.4774615327012910E+00
-.1099818147208130E+00
-.6366781266072900E+00
-.7632463321435280E+00
-.7071774173050690E+00
.9909748256827999E-01
.7000569901103491E+00
.9892744499401210E+00
.9850386625455600E-01
-.1078566225531650E+00
-.7895957952260130E+00
-.5453823152678970E+00
.2812411960478550E+00
.8331179125947660E+00
.5500436943715999E+00
-.5802135810011700E-01
-.7778069640547760E+00
-.2400933789118420E+00
.5808368928284320E+00
-.4948183243096730E+00
-.8586343239780710E+00
-.1337980702928430E+00
-.3851977720286830E+00
-.1131931752146580E+00
-.9158657005854970E+00
-.9070100070961460E+00
.3591961167134160E+00
.2197976268421720E+00
-.7116698456086600E+00
-.5315289628856340E+00
-.4593506204034870E+00
-.4884826623788460E+00
-.4583440674688950E+00
-.7424994305528750E+00
.9703207433541000E+00
.4011113335289700E-01
.2384717006227210E+00
-.2966805031295870E+00
-.8575645964257700E+00
-.4201947667687950E+00
-.3085056613503270E+00
.1581831973210700E-01
.9510909723447331E+00
.4807663641069540E+00
.6960817015584090E+00
.5332297515132950E+00
-.3711674737238030E+00
.4289152694143650E+00
.8235693037702980E+00
-.1412088320554160E+00
.8672315437936360E+00
-.4774615326901760E+00
.6366781266526140E+00
-.1099818146495360E+00
-.7632463321159900E+00
-.9909748253891000E-01
-.7071774173232740E+00
.7000569900961160E+00
-.9850386631718000E-01
.9892744499360060E+00
-.1078566225337160E+00
.5453823152407360E+00
-.7895957952547820E+00
.2812411960197570E+00
-.5500436944386440E+00
.8331179125479310E+00
-.5802135813703500E-01
.2400933789290770E+00
-.7778069640830790E+00
.5808368927834070E+00
.8586343240107930E+00
-.4948183242658170E+00
-.1337980702450440E+00
.1131931752383690E+00
-.3851977720560760E+00
-.9158657005710450E+00
-.3591961167110430E+00
-.9070100071072640E+00
.2197976268001710E+00
.5315289628651110E+00
-.7116698456060850E+00
-.4593506204312250E+00
.4583440674759630E+00
-.4884826623377200E+00
-.7424994305755680E+00
-.4011113334033800E-01
.9703207433518229E+00
.2384717006341010E+00
.8575645963968610E+00
-.2966805031945520E+00
-.4201947667819250E+00
-.1581831974918900E-01
-.3085056613753770E+00
.9510909723363240E+00
-.6960817015319311E+00
.4807663641720420E+00
.5332297514891750E+00
-.4289152694385330E+00
-.3711674736940340E+00
.8235693037711270E+00
-.8672315437935511E+00
-.1412088320166590E+00
-.4774615327017930E+00
.1099818146819020E+00
.6366781266983760E+00
-.7632463320731530E+00
.7071774172247940E+00
-.9909748255026400E-01
.7000569901939920E+00
-.9892744499391550E+00
-.9850386629529399E-01
-.1078566225248140E+00
.7895957952286050E+00
.5453823152745561E+00
.2812411960276650E+00
-.8331179125753740E+00
-.5500436944023480E+00
-.5802135808706400E-01
.7778069641040820E+00
.2400933788774310E+00
.5808368927766290E+00
.4948183243490240E+00
.8586343239601840E+00
-.1337980702621000E+00
