-.8663763436416970E+00
.2236968045802250E+00
.4464882650178410E+00
.2236968062120170E+00
.4464882653478410E+00
-.8663763430503050E+00
.8663763431155790E+00
-.2236968062252930E+00
.4464882652145300E+00
.4464882636797900E+00
-.8663763440671450E+00
.2236968056031530E+00
-.2236968042860020E+00
.4464882650235440E+00
.8663763437147251E+00
.4464882628495670E+00
.8663763449479410E+00
-.2236968038489200E+00
-.2236968055886000E+00
-.4464882635825370E+00
-.8663763441210220E+00
-.4464882648104650E+00
.8663763438297410E+00
.2236968042658440E+00
.2236968038013990E+00
-.4464882628087740E+00
.8663763449812339E+00
-.4464882650149240E+00
-.8663763432190640E+00
-.2236968062229010E+00
-.8663763449212000E+00
-.2236968040744080E+00
-.4464882627884830E+00
.8663763441725580E+00
.2236968054822140E+00
-.4464882635358360E+00
-.8068447839335680E+00
-.4617580792431280E+00
-.3684846956019890E+00
-.4617580817749450E+00
-.3684846983908350E+00
-.8068447812109451E+00
.8068447813350600E+00
.4617580816135860E+00
-.3684846983212730E+00
-.3684846979683570E+00
-.8068447817064940E+00
-.4617580812461950E+00
.4617580789457650E+00
-.3684846957167930E+00
.8068447840513190E+00
-.3684846977025540E+00
.8068447831055050E+00
.4617580790137720E+00
.4617580812172950E+00
.3684846984438830E+00
-.8068447815058620E+00
.3684846954813280E+00
.8068447841829690E+00
-.4617580789036290E+00
-.4617580789678360E+00
.3684846979360600E+00
.8068447830251509E+00
.3684846984606100E+00
-.8068447812133080E+00
.4617580817151360E+00
-.8068447827741030E+00
.4617580793147060E+00
.3684846980510910E+00
.8068447817099870E+00
-.4617580810987120E+00
.3684846981455260E+00
-.1348424188581120E+00
-.4002166950757200E-01
.9900584770842180E+00
-.4002166997561800E-01
.9900584770162760E+00
-.1348424192180460E+00
.1348424189813570E+00
.4002166978894200E-01
.9900584770560580E+00
.9900584769241170E+00
-.1348424204361430E+00
-.4002166815140200E-01
.4002166967746100E-01
.9900584771169210E+00
.1348424185675700E+00
.9900584772860210E+00
.1348424178553970E+00
.4002166789374300E-01
.4002166803783600E-01
-.9900584769275680E+00
-.1348424204445070E+00
-.9900584771152390E+00
.1348424186351910E+00
-.4002166949123500E-01
-.4002166783779800E-01
-.9900584772708920E+00
.1348424179830820E+00
-.9900584770420310E+00
-.1348424190874290E+00
.4002166977857500E-01
-.1348424181227450E+00
.4002166767089100E-01
-.9900584772586170E+00
.1348424203781130E+00
-.4002166786721200E-01
-.9900584769435080E+00
.4979407731320700E-01
-.2797381565618790E+00
-.9587841851156540E+00
-.2797381571299750E+00
-.9587841850685120E+00
.4979407502941500E-01
-.4979407508500500E-01
.2797381571118340E+00
-.9587841850709180E+00
-.9587841844609550E+00
.4979407742976100E-01
-.2797381587850680E+00
.2797381566842330E+00
-.9587841850838510E+00
-.4979407723819100E-01
-.9587841843069630E+00
-.4979407685685800E-01
.2797381594148460E+00
.2797381590129380E+00
.9587841843903790E+00
.4979407750856700E-01
.9587841850340860E+00
-.4979407733711300E-01
-.2797381568371920E+00
-.2797381595759920E+00
.9587841842431500E+00
-.4979407718026100E-01
.9587841850167220E+00
.4979407490928900E-01
.2797381573288650E+00
.4979407703190500E-01
.2797381595171780E+00
.9587841842680150E+00
-.4979407778562100E-01
-.2797381588886910E+00
.9587841844122410E+00
.2054707686707770E+00
-.1929017430722870E+00
.9594637464446030E+00
-.1929017443858980E+00
.9594637463317141E+00
.2054707679646680E+00
-.2054707680866780E+00
.1929017446304500E+00
.9594637462564179E+00
.9594637457387351E+00
.2054707703405020E+00
-.1929017448046460E+00
.1929017429028800E+00
.9594637464476850E+00
-.2054707688154330E+00
.9594637453663400E+00
-.2054707716940410E+00
.1929017452151490E+00
.1929017448926260E+00
-.9594637456856751E+00
.2054707705056730E+00
-.9594637463725330E+00
-.2054707690642030E+00
-.1929017430116920E+00
-.1929017451220650E+00
-.9594637453488920E+00
-.2054707718629080E+00
-.9594637462205630E+00
.2054707682606520E+00
.1929017446234780E+00
.2054707717264440E+00
.1929017454605980E+00
-.9594637453100530E+00
-.2054707706527430E+00
-.1929017449496980E+00
-.9594637456427050E+00
-.2789053920740190E+00
.7720048541378570E+00
-.5711569726963190E+00
.7720048542681720E+00
-.5711569724663990E+00
-.2789053921841520E+00
.2789053921602380E+00
-.7720048542493390E+00
-.5711569725035320E+00
-.5711569716753651E+00
-.2789053920788350E+00
.7720048548914560E+00
-.7720048542660130E+00
-.5711569725335670E+00
.2789053920525770E+00
-.5711569705671390E+00
.2789053915822340E+00
-.7720048558907699E+00
-.7720048550783650E+00
.5711569714219210E+00
-.2789053920804900E+00
.5711569725564700E+00
.2789053919520950E+00
.7720048542853700E+00
.7720048559951140E+00
.5711569703761280E+00
.2789053916845750E+00
.5711569724069060E+00
-.2789053920341090E+00
-.7720048543663940E+00
-.2789053917242620E+00
-.7720048559398009E+00
.5711569704315110E+00
.2789053921850090E+00
.7720048549702490E+00
.5711569715170171E+00
.9123638599455530E+00
-.3931981490415770E+00
-.1139622861104940E+00
-.3931981469939110E+00
-.1139622871432540E+00
.9123638606990270E+00
-.9123638607831750E+00
.3931981468241020E+00
-.1139622870554620E+00
-.1139622883699460E+00
.9123638601627020E+00
-.3931981478828430E+00
.3931981490357560E+00
-.1139622856815620E+00
-.9123638600016380E+00
-.1139622852598250E+00
-.9123638610299220E+00
.3931981467719950E+00
.3931981476774950E+00
.1139622880664040E+00
.9123638602891160E+00
.1139622860313020E+00
-.9123638599292250E+00
-.3931981491024160E+00
-.3931981469123200E+00
.1139622850908440E+00
-.9123638609905540E+00
.1139622873708760E+00
.9123638607624560E+00
.3931981467807590E+00
.9123638610767000E+00
.3931981466410030E+00
.1139622853372880E+00
-.9123638601990820E+00
-.3931981478492600E+00
.1139622881945650E+00
.8486623369817879E+00
-.1290998447282500E-01
-.5287774296332260E+00
-.1290998542466000E-01
-.5287774320354930E+00
.8486623354705241E+00
-.8486623355528130E+00
.1290998521418300E-01
-.5287774319085620E+00
-.5287774335254600E+00
.8486623345656930E+00
-.1290998387823900E-01
.1290998463968200E-01
-.5287774292818080E+00
-.8486623371982090E+00
-.5287774303861490E+00
-.8486623365210670E+00
.1290998392038200E-01
.1290998394444800E-01
.5287774334464800E+00
.8486623346138960E+00
.5287774294968270E+00
-.8486623370671220E+00
-.1290998444996100E-01
-.1290998387164700E-01
.5287774304196710E+00
-.8486623365009220E+00
.5287774322403560E+00
.8486623353443260E+00
.1290998532959400E-01
.8486623363435590E+00
.1290998374355700E-01
.5287774306753590E+00
-.8486623346681990E+00
-.1290998365530300E-01
.5287774333663861E+00
-.6958511320861700E+00
.2111647821010340E+00
.6864405558929479E+00
.2111647810997110E+00
.6864405555444100E+00
-.6958511327338580E+00
.6958511327414010E+00
-.2111647813350840E+00
.6864405554643570E+00
.6864405538891910E+00
-.6958511343847570E+00
.2111647810401820E+00
-.2111647819305030E+00
.6864405559602180E+00
.6958511320715590E+00
.6864405535989390E+00
.6958511345259980E+00
-.2111647815182800E+00
-.2111647808703600E+00
-.6864405537379060E+00
-.6958511345855301E+00
-.6864405557764750E+00
.6958511322246790E+00
.2111647820232230E+00
.2111647814985050E+00
-.6864405534995720E+00
.6958511346300230E+00
-.6864405552923321E+00
-.6958511329810830E+00
-.2111647811044670E+00
-.6958511347448820E+00
-.2111647815311530E+00
-.6864405533730940E+00
.6958511344958130E+00
.2111647811014860E+00
-.6864405537577530E+00
-.2617181692630290E+00
-.5816300983962440E+00
.7702012909085409E+00
-.5816300982908330E+00
.7702012915065020E+00
-.2617181677375720E+00
.2617181678578640E+00
.5816300981264260E+00
.7702012915897810E+00
.7702012927267941E+00
-.2617181683217910E+00
-.5816300964120250E+00
.5816300984506260E+00
.7702012908883760E+00
.2617181692015180E+00
.7702012932631270E+00
.2617181680777750E+00
.5816300958116080E+00
.5816300962138030E+00
-.7702012928812780E+00
-.2617181683076860E+00
-.7702012910515680E+00
.2617181691302900E+00
-.5816300982665770E+00
-.5816300957166070E+00
-.7702012933042760E+00
.2617181681678060E+00
-.7702012917059650E+00
-.2617181676410450E+00
.5816300980701370E+00
-.2617181680763480E+00
.5816300956377460E+00
-.7702012933949069E+00
.2617181684945420E+00
-.5816300961299260E+00
-.7702012928811240E+00
.5061364370868440E+00
.7009928815969670E+00
.5024289870254460E+00
.7009928835685090E+00
.5024289853021360E+00
.5061364360669680E+00
-.5061364361231960E+00
-.7009928835031120E+00
.5024289853367360E+00
.5024289862814260E+00
.5061364357644880E+00
.7009928830850130E+00
-.7009928816351710E+00
.5024289869389250E+00
-.5061364371198200E+00
.5024289861990811E+00
-.5061364363423220E+00
-.7009928827268210E+00
-.7009928831784340E+00
-.5024289861247950E+00
.5061364357905840E+00
-.5024289870991430E+00
-.5061364370344130E+00
.7009928815820030E+00
.7009928826710060E+00
-.5024289861979140E+00
-.5061364364207820E+00
-.5024289852778980E+00
.5061364359559350E+00
-.7009928836660509E+00
.5061364363001890E+00
-.7009928827898670E+00
-.5024289861535630E+00
-.5061364358522460E+00
.7009928829915320E+00
-.5024289863234450E+00
-.4407481491825780E+00
.6022420241579790E+00
.6656167165345470E+00
.6022420222600990E+00
.6656167183423400E+00
-.4407481490457330E+00
.4407481491000160E+00
-.6022420223379980E+00
.6656167182359140E+00
.6656167156340270E+00
-.4407481493907860E+00
.6022420250008870E+00
-.6022420238049980E+00
.6656167168141670E+00
.4407481492426140E+00
.6656167165860120E+00
.4407481497832090E+00
-.6022420236615290E+00
-.6022420249402080E+00
-.6656167157609320E+00
-.4407481492820460E+00
-.6656167164623710E+00
.4407481494240080E+00
.6022420240610620E+00
.6022420238520260E+00
-.6656167164607441E+00
.4407481497120920E+00
-.6656167182662930E+00
-.4407481491798800E+00
-.6022420222459740E+00
-.4407481496557820E+00
-.6022420238831940E+00
-.6656167164698300E+00
.4407481492825400E+00
.6022420253069330E+00
-.6656167154287970E+00
-.8902578367755301E+00
-.2935185477582290E+00
.3482640466394050E+00
-.2935185468996730E+00
.3482640436499220E+00
-.8902578382280660E+00
.8902578381784459E+00
.2935185467624440E+00
.3482640438924220E+00
.3482640444627600E+00
-.8902578373223530E+00
-.2935185486823070E+00
.2935185479087850E+00
.3482640466866250E+00
.8902578367074200E+00
.3482640471787870E+00
.8902578362705020E+00
.2935185486500240E+00
.2935185489325450E+00
-.3482640443361840E+00
-.8902578372893650E+00
-.3482640469012240E+00
.8902578366266271E+00
-.2935185478992100E+00
-.2935185489462000E+00
-.3482640470802280E+00
.8902578362114080E+00
-.3482640437865890E+00
-.8902578381927660E+00
.2935185468445850E+00
-.8902578363572190E+00
.2935185486920580E+00
-.3482640469216880E+00
.8902578371864430E+00
-.2935185488110970E+00
-.3482640447016380E+00
.6619719465221540E+00
.3138965556450800E-01
.7488710379906620E+00
.3138965429721000E-01
.7488710401727520E+00
.6619719441137080E+00
-.6619719441960080E+00
-.3138965411214200E-01
.7488710401077590E+00
.7488710391643290E+00
.6619719452186930E+00
.3138965505254900E-01
-.3138965576897200E-01
.7488710377831830E+00
-.6619719467471750E+00
.7488710374229330E+00
-.6619719471714430E+00
-.3138965541621500E-01
-.3138965502676800E-01
-.7488710390441610E+00
.6619719453558580E+00
-.7488710377677350E+00
-.6619719467611250E+00
.3138965584333200E-01
.3138965553856000E-01
-.7488710372221780E+00
-.6619719473927510E+00
-.7488710402389310E+00
.6619719440450870E+00
-.3138965416549700E-01
.6619719470714800E+00
-.3138965522335800E-01
-.7488710375193790E+00
-.6619719455513510E+00
.3138965496147900E-01
-.7488710388740900E+00
-.1257325468629560E+00
-.8776970906645390E+00
-.4624274469561240E+00
-.8776970918317050E+00
-.4624274453820790E+00
-.1257325445044810E+00
.1257325444036380E+00
.8776970919764240E+00
-.4624274451348200E+00
-.4624274461677560E+00
-.1257325478951010E+00
-.8776970909320440E+00
.8776970907904780E+00
-.4624274466873070E+00
.1257325469724930E+00
-.4624274432329320E+00
.1257325471315280E+00
.8776970925876830E+00
.8776970911119200E+00
.4624274458629050E+00
-.1257325477606500E+00
.4624274466781810E+00
.1257325473667960E+00
-.8776970907388010E+00
-.8776970925085100E+00
.4624274433572250E+00
.1257325472270750E+00
.4624274449492740E+00
-.1257325447342650E+00
.8776970920268180E+00
-.1257325468959420E+00
.8776970926167950E+00
.4624274432417320E+00
.1257325478895730E+00
-.8776970910219350E+00
.4624274459986440E+00
