.7738484879806050E+00
.1729405579861510E+00
-.6093029468610580E+00
-.7738479397072380E+00
.1729333575023010E+00
.6093056868878260E+00
.5367627151356150E+00
.5836245415916130E+00
.6093178005706230E+00
-.5367607789814930E+00
.5836367029602650E+00
-.6093078574126980E+00
-.2371630470719820E+00
-.7565648949742980E+00
-.6093958063492581E+00
.2371605746313930E+00
-.7565758859074280E+00
.6093831230875190E+00
.6002758701211700E+00
-.6128938464435680E+00
.5138385084264130E+00
-.6002779909114500E+00
-.6128829664363280E+00
-.5138490080554020E+00
-.2305520101402040E+00
.8262958605534551E+00
-.5138880436948650E+00
.2305549831222240E+00
.8262863411819600E+00
.5139020160824830E+00
-.8309433266566830E+00
-.2134623502839270E+00
.5137772016117360E+00
.8309426719602701E+00
-.2134565380155010E+00
-.5137806752827160E+00
-.7176416054144240E+00
.5555304064950750E+00
.4199720153029560E+00
.7176438609099570E+00
.5555345751067240E+00
-.4199626468618870E+00
.1222395420508590E+00
-.8992508904713340E+00
-.4200063456017180E+00
-.1222423642210260E+00
-.8992575985563410E+00
.4199911616074050E+00
.8399679313695030E+00
.3435462139648860E+00
.4200355617578470E+00
-.8399667747454200E+00
.3435561485025450E+00
-.4200297491248380E+00
-.6330368576284080E+00
-.2230485108063440E+00
-.7412919119422680E+00
.6330357297291770E+00
-.2230633431773390E+00
.7412884120346120E+00
-.5096543957809840E+00
-.4368095769313870E+00
.7412488046278010E+00
.5096529132631050E+00
-.4367983599802270E+00
-.7412564338479730E+00
.1236219150713210E+00
.6598838342014151E+00
-.7411281586026390E+00
-.1236193651384830E+00
.6598718119885409E+00
.7411392880597540E+00
-.9935746794774580E+00
-.6576111882683600E-01
.9211314538061099E-01
.9935744868559190E+00
-.6576311436761800E-01
-.9211379841082400E-01
-.5536748169777740E+00
-.8276217718159150E+00
-.9212165793620500E-01
.5536720744303170E+00
-.8276251998801391E+00
.9210734237502299E-01
.4399119896069210E+00
.8932801492815140E+00
.9234725929704500E-01
-.4399086962382430E+00
.8932833183001840E+00
-.9233229240402500E-01
-.8108884654829100E+00
-.5450558282669710E+00
.2130118321102780E+00
.8108866349370760E+00
-.5450549901656651E+00
-.2130209449231030E+00
-.8774207025998370E+00
-.4298871719217940E+00
-.2129082667871090E+00
.8774192295709740E+00
-.4298936442507130E+00
.2129012686949530E+00
-.6649287354519900E-01
.9748040448168200E+00
.2129219856578210E+00
.6649666143502800E-01
.9748073048190820E+00
-.2129058770662610E+00
-.9462551396724210E+00
.3090636136344410E+00
.9529372157045800E-01
.9462563091985220E+00
.3090616559792590E+00
-.9528845735633100E-01
-.2054409475527110E+00
-.9740146565413170E+00
-.9533869052669600E-01
.2054377997526780E+00
-.9740169330948950E+00
.9532221397551500E-01
.7408770844090520E+00
.6648333412320890E+00
.9538225298093600E-01
-.7408747002426870E+00
.6648376063060319E+00
-.9537104267844999E-01
-.4107692703551050E+00
-.4238388749792200E-01
.9107536508916660E+00
.4107684002714560E+00
-.4236990053946900E-01
-.9107546941227940E+00
-.2419044322961730E+00
-.3343194238106730E+00
-.9108857055077580E+00
.2419030962436310E+00
-.3343354389067590E+00
.9108801821967420E+00
.1686847255300070E+00
.3770070527939260E+00
.9107201246906230E+00
-.1686835930840660E+00
.3770234341824840E+00
-.9107135529361010E+00
.9104029691026220E+00
-.4421647329116200E-01
.4113530568001450E+00
-.9104034160061690E+00
-.4420647326617800E-01
-.4113531425012640E+00
.4171467266472870E+00
.8105660558272720E+00
-.4110611603983930E+00
-.4171434601837110E+00
.8105608946222250E+00
.4110746522654730E+00
-.4932795757779650E+00
-.7664423058724760E+00
.4113896594339630E+00
.4932770573413790E+00
-.7664367300270470E+00
-.4114030670353310E+00
.1260384467510140E+00
-.5437533905558820E+00
-.8297267985304400E+00
-.1260404052991710E+00
-.5437670441544330E+00
.8297175531007960E+00
-.4079421732849330E+00
.3811857624530100E+00
.8296267822091350E+00
.4079435701207480E+00
.3811980390577940E+00
-.8296204545547510E+00
-.5339933773544420E+00
.1626662181858520E+00
-.8296931808823730E+00
.5339936279390040E+00
.1626505048326510E+00
.8296961001464480E+00
-.1063805015920000E-03
.2518999649750000E-03
.9999999626147980E+00
.1054768415060000E-03
.2690107133590000E-03
-.9999999582539350E+00
