-.2515812993559380E+00
.9657024628131560E+00
-.6423085809004400E-01
.9657024628129730E+00
-.6423085809016300E-01
-.2515812993566090E+00
.2515812993562100E+00
-.9657024628130760E+00
-.6423085809018400E-01
-.6423085809003699E-01
-.2515812993564690E+00
.9657024628130180E+00
-.9657024628129880E+00
-.6423085809021201E-01
.2515812993565400E+00
-.6423085809028301E-01
.2515812993562130E+00
-.9657024628130680E+00
-.9657024628131290E+00
.6423085809034999E-01
-.2515812993559620E+00
.6423085809020899E-01
.2515812993563220E+00
.9657024628130449E+00
.9657024628130900E+00
.6423085808991100E-01
.2515812993562260E+00
.6423085809020000E-01
-.2515812993563000E+00
-.9657024628130511E+00
-.2515812993566000E+00
-.9657024628129920E+00
.6423085808991900E-01
.2515812993565160E+00
.9657024628129810E+00
.6423085809040199E-01
-.7742655338457720E+00
.3815151823433970E+00
-.5049346975005830E+00
.3815151823431970E+00
-.5049346975006570E+00
-.7742655338458230E+00
.7742655338455831E+00
-.3815151823433860E+00
-.5049346975008830E+00
-.5049346975007970E+00
-.7742655338456810E+00
.3815151823433000E+00
-.3815151823431530E+00
-.5049346975008050E+00
.7742655338457480E+00
-.5049346975006220E+00
.7742655338458870E+00
-.3815151823431140E+00
-.3815151823432720E+00
.5049346975008830E+00
-.7742655338456390E+00
.5049346975008080E+00
.7742655338456150E+00
.3815151823434190E+00
.3815151823434900E+00
.5049346975006210E+00
.7742655338457030E+00
.5049346975005800E+00
-.7742655338458060E+00
-.3815151823433330E+00
-.7742655338457189E+00
-.3815151823433210E+00
.5049346975007230E+00
.7742655338458940E+00
.3815151823429800E+00
.5049346975007110E+00
.6218920898658570E+00
.4517167996942610E+00
-.6396891131137470E+00
.4517167996941910E+00
-.6396891131139180E+00
.6218920898657310E+00
-.6218920898656480E+00
-.4517167996942250E+00
-.6396891131139760E+00
-.6396891131139010E+00
.6218920898654990E+00
.4517167996945350E+00
-.4517167996940080E+00
-.6396891131137999E+00
-.6218920898659860E+00
-.6396891131138790E+00
-.6218920898656550E+00
-.4517167996943510E+00
-.4517167996943470E+00
.6396891131136750E+00
.6218920898658690E+00
.6396891131137880E+00
-.6218920898659950E+00
.4517167996940130E+00
.4517167996945870E+00
.6396891131139550E+00
-.6218920898654060E+00
.6396891131140610E+00
.6218920898659001E+00
-.4517167996937570E+00
.6218920898658890E+00
-.4517167996942810E+00
.6396891131137010E+00
-.6218920898658979E+00
.4517167996937130E+00
.6396891131140940E+00
.2818110426750910E+00
.8580478476961970E+00
-.4293441827838140E+00
.8580478476964080E+00
-.4293441827836590E+00
.2818110426746880E+00
-.2818110426751140E+00
-.8580478476963060E+00
-.4293441827835810E+00
-.4293441827833150E+00
.2818110426749470E+00
.8580478476964950E+00
-.8580478476963860E+00
-.4293441827833290E+00
-.2818110426752570E+00
-.4293441827839790E+00
-.2818110426747930E+00
-.8580478476962130E+00
-.8580478476961360E+00
.4293441827839480E+00
.2818110426750750E+00
.4293441827835740E+00
-.2818110426750020E+00
.8580478476963470E+00
.8580478476964301E+00
.4293441827834320E+00
-.2818110426749640E+00
.4293441827834070E+00
.2818110426754000E+00
-.8580478476963000E+00
.2818110426747800E+00
-.8580478476965150E+00
.4293441827833830E+00
-.2818110426751930E+00
.8580478476962270E+00
.4293441827836880E+00
-.6496120041073690E+00
-.6153110840694710E+00
.4465383678261700E+00
-.6153110840695750E+00
.4465383678265440E+00
-.6496120041070140E+00
.6496120041073380E+00
.6153110840692740E+00
.4465383678264870E+00
.4465383678262900E+00
-.6496120041072340E+00
-.6153110840695259E+00
.6153110840696310E+00
.4465383678261890E+00
.6496120041072050E+00
.4465383678263000E+00
.6496120041072230E+00
.6153110840695309E+00
.6153110840693370E+00
-.4465383678262700E+00
-.6496120041074280E+00
-.4465383678262480E+00
.6496120041073460E+00
-.6153110840694390E+00
-.6153110840693730E+00
-.4465383678265360E+00
.6496120041072110E+00
-.4465383678262860E+00
-.6496120041073030E+00
.6153110840694570E+00
-.6496120041071211E+00
.6153110840697230E+00
-.4465383678261830E+00
.6496120041071251E+00
-.6153110840695510E+00
-.4465383678264150E+00
.9933631163195030E+00
-.1134687281482460E+00
-.1882994605477500E-01
-.1134687281480350E+00
-.1882994605463900E-01
.9933631163195290E+00
-.9933631163195230E+00
.1134687281482040E+00
-.1882994605396400E-01
-.1882994605390300E-01
.9933631163195540E+00
-.1134687281479430E+00
.1134687281480660E+00
-.1882994605432300E-01
-.9933631163195320E+00
-.1882994605474300E-01
-.9933631163195330E+00
.1134687281479860E+00
.1134687281482190E+00
.1882994605448500E-01
.9933631163195110E+00
.1882994605434400E-01
-.9933631163195100E+00
-.1134687281482540E+00
-.1134687281481780E+00
.1882994605424600E-01
-.9933631163195210E+00
.1882994605448500E-01
.9933631163195030E+00
.1134687281482870E+00
.9933631163195400E+00
.1134687281479850E+00
.1882994605438200E-01
-.9933631163195310E+00
-.1134687281480370E+00
.1882994605454200E-01
.2463988858915690E+00
-.7208015696498040E+00
.6478677999575010E+00
-.7208015696493920E+00
.6478677999578860E+00
.2463988858917620E+00
-.2463988858916820E+00
.7208015696496320E+00
.6478677999576490E+00
.6478677999574370E+00
.2463988858916630E+00
-.7208015696498290E+00
.7208015696498640E+00
.6478677999575770E+00
-.2463988858911920E+00
.6478677999576580E+00
-.2463988858916790E+00
.7208015696496251E+00
.7208015696496560E+00
-.6478677999577340E+00
.2463988858913890E+00
-.6478677999579040E+00
-.2463988858914330E+00
-.7208015696494890E+00
-.7208015696498650E+00
-.6478677999573730E+00
-.2463988858917270E+00
-.6478677999574740E+00
.2463988858911660E+00
.7208015696499660E+00
.2463988858917940E+00
.7208015696495070E+00
-.6478677999577450E+00
-.2463988858914560E+00
-.7208015696496660E+00
-.6478677999576971E+00
-.7935442048021790E+00
-.3876287734012690E+00
-.4690751848651830E+00
-.3876287734013530E+00
-.4690751848647940E+00
-.7935442048023680E+00
.7935442048021710E+00
.3876287734015360E+00
-.4690751848649750E+00
-.4690751848650970E+00
-.7935442048020340E+00
-.3876287734016680E+00
.3876287734016800E+00
-.4690751848649880E+00
.7935442048020930E+00
-.4690751848651100E+00
.7935442048021040E+00
.3876287734015120E+00
.3876287734014250E+00
.4690751848652980E+00
-.7935442048020350E+00
.4690751848650680E+00
.7935442048023370E+00
-.3876287734010840E+00
-.3876287734014910E+00
.4690751848649310E+00
.7935442048022190E+00
.4690751848647840E+00
-.7935442048022960E+00
.3876287734015120E+00
-.7935442048022650E+00
.3876287734012240E+00
.4690751848650750E+00
.7935442048021850E+00
-.3876287734018230E+00
.4690751848647150E+00
.1649450576530030E+00
-.9583769097171539E+00
.2330382519605870E+00
-.9583769097169350E+00
.2330382519611260E+00
.1649450576535120E+00
-.1649450576532380E+00
.9583769097170010E+00
.2330382519610480E+00
.2330382519606680E+00
.1649450576535040E+00
-.9583769097170480E+00
.9583769097171020E+00
.2330382519605140E+00
-.1649450576534090E+00
.2330382519607420E+00
-.1649450576532880E+00
.9583769097170670E+00
.9583769097170990E+00
-.2330382519608270E+00
.1649450576529820E+00
-.2330382519611220E+00
-.1649450576532260E+00
-.9583769097169860E+00
-.9583769097170930E+00
-.2330382519606320E+00
-.1649450576532930E+00
-.2330382519604340E+00
.1649450576532610E+00
.9583769097171470E+00
.1649450576534940E+00
.9583769097169650E+00
-.2330382519610150E+00
-.1649450576534580E+00
-.9583769097170310E+00
-.2330382519607690E+00
.5604842504669760E+00
.8132526494836950E+00
-.1564529740408340E+00
.8132526494836900E+00
-.1564529740414460E+00
.5604842504668130E+00
-.5604842504672400E+00
-.8132526494834310E+00
-.1564529740412630E+00
-.1564529740410300E+00
.5604842504670470E+00
.8132526494836090E+00
-.8132526494838200E+00
-.1564529740407260E+00
-.5604842504668260E+00
-.1564529740410970E+00
-.5604842504667780E+00
-.8132526494837810E+00
-.8132526494836300E+00
.1564529740409670E+00
.5604842504670350E+00
.1564529740412850E+00
-.5604842504670530E+00
.8132526494835550E+00
.8132526494834810E+00
.1564529740411510E+00
-.5604842504671990E+00
.1564529740408810E+00
.5604842504669960E+00
-.8132526494836720E+00
.5604842504668360E+00
-.8132526494837370E+00
.1564529740411220E+00
-.5604842504667400E+00
.8132526494838230E+00
.1564529740410180E+00
.3666300586513120E+00
.9220188325509330E+00
-.1243530157042820E+00
.9220188325508800E+00
-.1243530157047620E+00
.3666300586512840E+00
-.3666300586517610E+00
-.9220188325507080E+00
-.1243530157046290E+00
-.1243530157043770E+00
.3666300586515770E+00
.9220188325508150E+00
-.9220188325509330E+00
-.1243530157042030E+00
-.3666300586513410E+00
-.1243530157045340E+00
-.3666300586511110E+00
-.9220188325509791E+00
-.9220188325508830E+00
.1243530157044780E+00
.3666300586513720E+00
.1243530157046300E+00
-.3666300586515370E+00
.9220188325507970E+00
.9220188325507450E+00
.1243530157044630E+00
-.3666300586517230E+00
.1243530157042990E+00
.3666300586515630E+00
-.9220188325508309E+00
.3666300586512860E+00
-.9220188325509230E+00
.1243530157044380E+00
-.3666300586512290E+00
.9220188325509380E+00
.1243530157044920E+00
-.8046719536517351E+00
-.7083625075572700E-01
.5894788143650050E+00
-.7083625075605800E-01
.5894788143650030E+00
-.8046719536517070E+00
.8046719536519210E+00
.7083625075538300E-01
.5894788143647920E+00
.5894788143647260E+00
-.8046719536519410E+00
-.7083625075571399E-01
.7083625075593900E-01
.5894788143647760E+00
.8046719536518840E+00
.5894788143650180E+00
.8046719536517150E+00
.7083625075584600E-01
.7083625075560100E-01
-.5894788143648110E+00
-.8046719536518880E+00
-.5894788143647840E+00
.8046719536518840E+00
-.7083625075587500E-01
-.7083625075555100E-01
-.5894788143649440E+00
.8046719536517950E+00
-.5894788143649780E+00
-.8046719536517590E+00
.7083625075567000E-01
-.8046719536518360E+00
.7083625075619300E-01
-.5894788143648110E+00
.8046719536517311E+00
-.7083625075576400E-01
-.5894788143650060E+00
-.8305971377714630E+00
-.4813562216367220E+00
.2800081831259090E+00
-.4813562216367630E+00
.2800081831263240E+00
-.8305971377712990E+00
.8305971377714670E+00
.4813562216366280E+00
.2800081831260560E+00
.2800081831258640E+00
-.8305971377713430E+00
-.4813562216369560E+00
.4813562216370750E+00
.2800081831258990E+00
.8305971377712620E+00
.2800081831260040E+00
.8305971377713510E+00
.4813562216368590E+00
.4813562216366530E+00
-.2800081831258590E+00
-.8305971377715200E+00
-.2800081831260120E+00
.8305971377715200E+00
-.4813562216365640E+00
-.4813562216367410E+00
-.2800081831261120E+00
.8305971377713840E+00
-.2800081831260530E+00
-.8305971377713141E+00
.4813562216368940E+00
-.8305971377713660E+00
.4813562216368400E+00
-.2800081831259940E+00
.8305971377711940E+00
-.4813562216370290E+00
-.2800081831261780E+00
.6225761054046420E+00
.2744190843023600E-01
-.7820779594393990E+00
.2744190843027600E-01
-.7820779594394310E+00
.6225761054046010E+00
-.6225761054049630E+00
-.2744190843004500E-01
-.7820779594391500E+00
-.7820779594391180E+00
.6225761054049880E+00
.2744190843039700E-01
-.2744190843020100E-01
-.7820779594392960E+00
-.6225761054047740E+00
-.7820779594394081E+00
-.6225761054046280E+00
-.2744190843028900E-01
-.2744190843023800E-01
.7820779594392210E+00
.6225761054048660E+00
.7820779594392629E+00
-.6225761054048200E+00
.2744190843008300E-01
.2744190843041900E-01
.7820779594392691E+00
-.6225761054047980E+00
.7820779594394510E+00
.6225761054045910E+00
-.2744190842992800E-01
.6225761054047880E+00
-.2744190843038000E-01
.7820779594392780E+00
-.6225761054045720E+00
.2744190842986800E-01
.7820779594394680E+00
-.9318695934738700E+00
.3187128632820320E+00
-.1733238919982290E+00
.3187128632819440E+00
-.1733238919982580E+00
-.9318695934738940E+00
.9318695934737440E+00
-.3187128632820510E+00
-.1733238919988710E+00
-.1733238919988410E+00
-.9318695934738360E+00
.3187128632817990E+00
-.3187128632819240E+00
-.1733238919986170E+00
.9318695934738340E+00
-.1733238919982450E+00
.9318695934739750E+00
-.3187128632817140E+00
-.3187128632819970E+00
.1733238919985150E+00
-.9318695934738280E+00
.1733238919985010E+00
.9318695934738011E+00
.3187128632820840E+00
.3187128632820890E+00
.1733238919985390E+00
.9318695934737929E+00
.1733238919984430E+00
-.9318695934738240E+00
-.3187128632820500E+00
-.9318695934738650E+00
-.3187128632819280E+00
.1733238919984480E+00
.9318695934738970E+00
.3187128632818020E+00
.1733238919985030E+00
.8838481768527030E+00
.2014238044752130E+00
.4221858018276850E+00
.2014238044757030E+00
.4221858018276610E+00
.8838481768526020E+00
-.8838481768525340E+00
-.2014238044755540E+00
.4221858018278750E+00
.4221858018279100E+00
.8838481768524840E+00
.2014238044757010E+00
-.2014238044754720E+00
.4221858018277440E+00
-.8838481768526150E+00
.4221858018276230E+00
-.8838481768526470E+00
-.2014238044755860E+00
-.2014238044753970E+00
-.4221858018278330E+00
.8838481768525900E+00
-.4221858018279300E+00
-.8838481768525230E+00
.2014238044754890E+00
.2014238044754790E+00
-.4221858018276820E+00
-.8838481768526431E+00
-.4221858018275140E+00
.8838481768527690E+00
-.2014238044752800E+00
.8838481768524760E+00
-.2014238044756140E+00
-.4221858018279670E+00
-.8838481768527100E+00
.2014238044755630E+00
-.4221858018275020E+00
.2042750399564050E+00
.7187705698842261E+00
.6645604381236631E+00
.7187705698843340E+00
.6645604381234740E+00
.2042750399566370E+00
-.2042750399562600E+00
-.7187705698842650E+00
.6645604381236641E+00
.6645604381238100E+00
.2042750399561560E+00
.7187705698841600E+00
-.7187705698843250E+00
.6645604381235790E+00
-.2042750399563280E+00
.6645604381234920E+00
-.2042750399563730E+00
-.7187705698843930E+00
-.7187705698843611E+00
-.6645604381235540E+00
.2042750399562800E+00
-.6645604381235540E+00
-.2042750399566620E+00
.7187705698842540E+00
.7187705698840900E+00
-.6645604381238021E+00
-.2042750399564320E+00
-.6645604381235050E+00
.2042750399566820E+00
-.7187705698842930E+00
.2042750399563760E+00
-.7187705698841650E+00
-.6645604381237380E+00
-.2042750399563670E+00
.7187705698845380E+00
-.6645604381233370E+00
-.8988479274720690E+00
.4377008233682800E+00
.2214480756061700E-01
.4377008233679230E+00
.2214480756096300E-01
-.8988479274722340E+00
.8988479274721820E+00
-.4377008233680650E+00
.2214480756027000E-01
.2214480756031500E-01
-.8988479274722930E+00
.4377008233678340E+00
-.4377008233677660E+00
.2214480756062300E-01
.8988479274723190E+00
.2214480756055900E-01
.8988479274721600E+00
-.4377008233680940E+00
-.4377008233682550E+00
-.2214480756032700E-01
-.8988479274720880E+00
-.2214480756066100E-01
.8988479274721030E+00
.4377008233682070E+00
.4377008233680300E+00
-.2214480756060700E-01
.8988479274721910E+00
-.2214480756073300E-01
-.8988479274721950E+00
-.4377008233680150E+00
-.8988479274722450E+00
-.4377008233679080E+00
-.2214480756079600E-01
.8988479274723130E+00
.4377008233677780E+00
-.2214480756063400E-01
