.7809773141522020E+00
-.5172619253523590E+00
.3500207641846170E+00
.5748209179071500E-01
-.9349769854943560E+00
.3500197790400560E+00
-.8384507509633990E+00
.4177131208284970E+00
.3500229805264640E+00
-.8384507509633990E+00
-.4177131208284970E+00
.3500229805264640E+00
.5748209179071600E-01
.9349769854943560E+00
.3500197790400570E+00
.7809773141522020E+00
.5172619253523590E+00
.3500207641846170E+00
-.7809773141522020E+00
-.5172619253523590E+00
-.3500207641846170E+00
-.5748209179071600E-01
-.9349769854943570E+00
-.3500197790400560E+00
.8384507509633990E+00
.4177131208284970E+00
-.3500229805264640E+00
.8384507509633990E+00
-.4177131208284970E+00
-.3500229805264640E+00
-.7809773141522020E+00
.5172619253523590E+00
-.3500207641846170E+00
-.5748209179071500E-01
.9349769854943560E+00
-.3500197790400560E+00
-.2475026854554210E+00
.4286885651196850E+00
.8688892534886020E+00
.4950010157651060E+00
.0000000000000000E+00
.8688923951741740E+00
-.2475026854554210E+00
-.4286885651196850E+00
.8688892534886020E+00
.2475026854554210E+00
.4286885651196850E+00
-.8688892534886020E+00
-.4950010157651060E+00
.0000000000000000E+00
-.8688923951741740E+00
.2475026854554210E+00
-.4286885651196850E+00
-.8688892534886020E+00
