.1132093874057500E+00
.8206126788408370E+00
.5601593219155420E+00
.5257279650334590E+00
.8506527533486740E+00
-.1448510339000000E-05
.1448510955000000E-05
.5257279650340280E+00
-.8506527533483220E+00
-.5257279650343600E+00
.8506527533481170E+00
.1448509454000000E-05
-.1448510754000000E-05
.5257279650347190E+00
.8506527533478950E+00
.8506527533486610E+00
.1448508533000000E-05
-.5257279650334800E+00
-.8506527533483340E+00
-.1448508922000000E-05
-.5257279650340090E+00
-.8506527533486770E+00
.1448509597000000E-05
.5257279650334540E+00
.8506527533480230E+00
-.1448509699000000E-05
.5257279650345120E+00
-.1448509841000000E-05
-.5257279650343030E+00
-.8506527533481520E+00
.1448509816000000E-05
-.5257279650335880E+00
.8506527533485940E+00
.5257279650341380E+00
-.8506527533482540E+00
.1448510743000000E-05
-.5257279650330779E+00
-.8506527533489090E+00
-.1448510345000000E-05
.6501582201270100E+00
.3488292889719920E+00
-.6749906784219860E+00
-.1132093874058310E+00
.8206126788392361E+00
-.5601593219178710E+00
-.7633646032708350E+00
.4187956426177950E+00
-.4918177428656970E+00
-.1429875618501490E+00
.9789528059300190E+00
-.1456226662229890E+00
.2561938851867530E+00
.9089858851270490E+00
-.3287998689669920E+00
-.6501582201257160E+00
.3488292889734280E+00
.6749906784224901E+00
.7633646032701860E+00
.4187956426182890E+00
.4918177428662850E+00
.1429875618490960E+00
.9789528059307850E+00
.1456226662188750E+00
-.2561938851861970E+00
.9089858851282580E+00
.3287998689640840E+00
.9789528059302990E+00
.1456226662213860E+00
.1429875618498680E+00
.1456226662205770E+00
-.1429875618496580E+00
-.9789528059304500E+00
.3488292889749250E+00
.6749906784218020E+00
-.6501582201256280E+00
.6749906784232740E+00
.6501582201254390E+00
-.3488292889724280E+00
-.3287998689655110E+00
-.2561938851871860E+00
-.9089858851274630E+00
-.9089858851272750E+00
.3287998689654160E+00
.2561938851879750E+00
-.4918177428672280E+00
.7633646032695810E+00
-.4187956426182830E+00
-.4187956426177730E+00
.4918177428656380E+00
-.7633646032708850E+00
-.9789528059306351E+00
.1456226662205670E+00
-.1429875618484020E+00
-.1456226662213330E+00
-.1429875618490380E+00
.9789528059304280E+00
-.3488292889726320E+00
.6749906784232680E+00
.6501582201253350E+00
-.6749906784215900E+00
.6501582201265330E+00
.3488292889736480E+00
.3287998689651740E+00
-.2561938851856650E+00
.9089858851280140E+00
.9089858851278551E+00
.3287998689647560E+00
-.2561938851867640E+00
.4918177428658330E+00
.7633646032707890E+00
.4187956426177190E+00
.4187956426170380E+00
.4918177428667150E+00
.7633646032705940E+00
.8206126788405500E+00
-.5601593219164540E+00
-.1132093874033210E+00
.8206126788397600E+00
.5601593219171100E+00
.1132093874057980E+00
.4918177428675710E+00
-.7633646032699780E+00
-.4187956426171570E+00
-.5601593219160510E+00
.1132093874056360E+00
-.8206126788405060E+00
.3287998689662770E+00
.2561938851868860E+00
-.9089858851272710E+00
.5601593219164210E+00
-.1132093874059680E+00
-.8206126788402071E+00
-.6749906784223680E+00
-.6501582201260190E+00
-.3488292889731000E+00
-.1456226662200600E+00
.1429875618494700E+00
-.9789528059305540E+00
-.8206126788395720E+00
-.5601593219175550E+00
.1132093874049620E+00
-.8206126788406610E+00
.5601593219160940E+00
-.1132093874042950E+00
-.4918177428660240E+00
-.7633646032705900E+00
.4187956426178580E+00
.5601593219163850E+00
.1132093874065580E+00
.8206126788401510E+00
-.3287998689663630E+00
.2561938851868490E+00
.9089858851272500E+00
-.5601593219174470E+00
-.1132093874058270E+00
.8206126788395270E+00
.6749906784212240E+00
-.6501582201262700E+00
.3488292889748460E+00
.1456226662199310E+00
.1429875618502660E+00
.9789528059304570E+00
.3488292889719580E+00
-.6749906784224869E+00
.6501582201265080E+00
.4187956426185600E+00
-.4918177428659840E+00
-.7633646032702300E+00
.9789528059306680E+00
-.1456226662210530E+00
-.1429875618476800E+00
.9089858851269530E+00
-.3287998689655910E+00
.2561938851888930E+00
-.2561938851861520E+00
-.9089858851273100E+00
-.3287998689667390E+00
.7633646032711460E+00
-.4187956426181000E+00
-.4918177428649550E+00
.1429875618500910E+00
-.9789528059301800E+00
-.1456226662219660E+00
-.9789528059303710E+00
-.1456226662219930E+00
.1429875618487530E+00
-.6501582201261950E+00
-.3488292889724230E+00
-.6749906784225490E+00
-.3488292889737380E+00
-.6749906784221440E+00
-.6501582201259090E+00
-.4187956426178950E+00
-.4918177428659840E+00
.7633646032705950E+00
-.9089858851273140E+00
-.3287998689654490E+00
-.2561938851877950E+00
.2561938851859550E+00
-.9089858851278750E+00
.3287998689653330E+00
-.7633646032705960E+00
-.4187956426183550E+00
.4918177428655900E+00
-.1429875618490640E+00
-.9789528059306440E+00
.1456226662198520E+00
.6501582201248450E+00
-.3488292889729580E+00
.6749906784235720E+00
-.1132093874061390E+00
-.8206126788401360E+00
.5601593219164910E+00
.1132093874066530E+00
-.8206126788395600E+00
-.5601593219172309E+00
