.9248913528916001E-02
.4752462441623100E+00
-.8798042197035389E+00
-.2874740062697100E-01
.9962334805699720E+00
-.8180732943099600E-01
-.2565292806801370E+00
.2908720290901660E+00
.9217299988861710E+00
-.7324474706528790E+00
.6372613387062270E+00
.2396219708719300E+00
-.4582736605765810E+00
.8424618460495510E+00
-.2832724659625820E+00
.3147121963141580E+00
-.7467158518467590E+00
.5859792403250210E+00
.5865994002064570E+00
.7936063659203010E+00
.1615242385779890E+00
-.6367824058630950E+00
.4221481736536520E+00
.6452124356086880E+00
-.5190918236741480E+00
-.5429416606477510E+00
-.6601197101493860E+00
-.6697919292456080E+00
.5645099041047190E+00
-.4823974913752430E+00
-.8700000000000000E-13
.7200000000000000E-13
-.1000000000000000E+01
-.4069508763811470E+00
.2456329231859860E+00
-.8798042118901930E+00
-.8771371937502350E+00
.4732207786333930E+00
-.8180732246913100E-01
-.3801672581525450E+00
-.7672487218910801E-01
.9217299766289160E+00
-.9181082349373310E+00
-.3156874586060990E+00
.2396219885967910E+00
-.9587301948180470E+00
.2435429040300800E-01
-.2832724520371070E+00
.8040310065043550E+00
-.1008092020208500E+00
.5859792192283900E+00
-.3939835720557170E+00
.9048131675236470E+00
.1615242298419710E+00
-.6839822567396280E+00
-.3403956567496100E+00
.6452124218669120E+00
.2106553492583480E+00
-.7210175387638790E+00
-.6601197108280600E+00
-.8237758843604130E+00
-.2978018861052540E+00
-.4823974802778020E+00
-.4161997966968940E+00
-.2296133268935520E+00
-.8798042108005270E+00
-.8483898044355680E+00
-.5230127150147990E+00
-.8180733257249900E-01
-.1236379219673670E+00
-.3675969089815190E+00
.9217299912440871E+00
-.1856607705993960E+00
-.9529487855447319E+00
.2396219739282260E+00
-.5004565234829680E+00
-.8181075662295380E+00
-.2832724451501130E+00
.4893187931862290E+00
.6459066798405150E+00
.5859792484142889E+00
-.9805829784267400E+00
.1112067881466160E+00
.1615242170383690E+00
-.4719983022130900E-01
-.7625438390673360E+00
.6452124220189250E+00
.7297471928404210E+00
-.1780758761422280E+00
-.6601196989014210E+00
-.1539839609492590E+00
-.8623117765274130E+00
-.4823974915280070E+00
-.9248913528823999E-02
-.4752462441622470E+00
-.8798042197035730E+00
.2874740062699000E-01
-.9962334805699710E+00
-.8180732943100100E-01
.2565292806801030E+00
-.2908720290901540E+00
.9217299988861850E+00
.7324474706528750E+00
-.6372613387062350E+00
.2396219708719220E+00
.4582736605766040E+00
-.8424618460495350E+00
-.2832724659625940E+00
-.3147121963141320E+00
.7467158518467820E+00
.5859792403250050E+00
-.5865994002064570E+00
-.7936063659202990E+00
.1615242385780000E+00
.6367824058630970E+00
-.4221481736536310E+00
.6452124356086990E+00
.5190918236741850E+00
.5429416606477100E+00
-.6601197101493910E+00
.6697919292455990E+00
-.5645099041047310E+00
-.4823974913752420E+00
.4069508763810870E+00
-.2456329231859370E+00
-.8798042118902351E+00
.8771371937502530E+00
-.4732207786333650E+00
-.8180732246909700E-01
.3801672581525070E+00
.7672487218911300E-01
.9217299766289310E+00
.9181082349373491E+00
.3156874586060530E+00
.2396219885967820E+00
.9587301948180300E+00
-.2435429040299800E-01
-.2832724520371670E+00
-.8040310065043750E+00
.1008092020208490E+00
.5859792192283630E+00
.3939835720557200E+00
-.9048131675236460E+00
.1615242298419700E+00
.6839822567396240E+00
.3403956567496040E+00
.6452124218669200E+00
-.2106553492583850E+00
.7210175387638660E+00
-.6601197108280630E+00
.8237758843604280E+00
.2978018861052490E+00
-.4823974802777790E+00
.4161997966969170E+00
.2296133268934750E+00
-.8798042108005369E+00
.8483898044355600E+00
.5230127150148191E+00
-.8180733257245000E-01
.1236379219673380E+00
.3675969089815250E+00
.9217299912440881E+00
.1856607705994270E+00
.9529487855447260E+00
.2396219739282270E+00
.5004565234829710E+00
.8181075662295190E+00
-.2832724451501620E+00
-.4893187931862000E+00
-.6459066798405430E+00
.5859792484142829E+00
.9805829784267410E+00
-.1112067881466180E+00
.1615242170383590E+00
.4719983022133500E-01
.7625438390673370E+00
.6452124220189230E+00
-.7297471928404420E+00
.1780758761421490E+00
-.6601196989014190E+00
.1539839609492610E+00
.8623117765274190E+00
-.4823974915279960E+00
