-.9164105933115420E+00
.3880949584177360E+00
-.9784644969095101E-01
-.3370115264146670E+00
.6424319655841890E+00
-.6882618692469400E+00
-.2612192854456660E+00
-.5864945200751460E+00
.7666737655829110E+00
-.5496427682771470E+00
.3028883741191270E+00
.7785572940407830E+00
.3250173528343290E+00
.3429205350381270E+00
-.8813451236636700E+00
.9564856146942720E+00
.1575272510541500E+00
-.2456021865909240E+00
-.1198957959719290E+00
.1625949956206780E+00
.9793813687769281E+00
.5833502140990360E+00
-.7175968665495560E+00
.3804697948968720E+00
.7515741797408730E+00
.4936078358480470E+00
.4375929121183770E+00
-.2009906697514690E+00
-.6736198483462810E+00
-.7112236290976200E+00
.7534385142531100E+00
.6574400102020690E+00
.1015077462904800E-01
.7369255506878000E+00
.4493128276408480E+00
-.5050333807392020E+00
-.7363410197302400E-01
.9081262973839870E+00
.4121706527959940E+00
-.8604257483665571E+00
.3956150850433810E+00
.3211794452233330E+00
.4183674824215010E+00
.8318106333691840E+00
.3647735185923600E+00
.4422871565291920E+00
.2488394466847340E+00
.8616617671354330E+00
-.4983802739603570E+00
-.8061079998266560E+00
-.3190720845556180E+00
.6595632988650720E+00
.2891109759294600E-01
-.7510928060008270E+00
.6373766887074001E-01
-.9197217247890540E+00
-.3873621800304870E+00
-.7928759880720611E+00
.3019213223506950E+00
-.5293308820093160E+00
.8000571572455140E+00
.3514307235897600E-01
.5988935711838950E+00
.4137072773303100E+00
-.9102757734351630E+00
.1563025850581400E-01
.6181969499165620E+00
-.7259078159421160E+00
-.3014803042787490E+00
-.2178834150519230E+00
.6209084664321950E+00
.7529936877279459E+00
.3042959956123240E+00
-.3081947725722460E+00
-.9013434024906640E+00
-.9804906783601490E+00
-.1295044136768510E+00
.1478737180403270E+00
-.1562258418896910E+00
-.9876802828894450E+00
-.9008058463614001E-02
-.4197800000000000E-09
.1146618000000000E-08
-.1000000000000000E+01
.9164105929366591E+00
-.3880949595121700E+00
-.9784644886110400E-01
.3370115256869530E+00
-.6424319647799640E+00
-.6882618703539430E+00
.2612192849928360E+00
.5864945199607871E+00
.7666737658246811E+00
.5496427692443610E+00
-.3028883742202590E+00
.7785572933186090E+00
-.3250173519934650E+00
-.3429205345909810E+00
-.8813451241477380E+00
-.9564856145216520E+00
-.1575272522702690E+00
-.2456021864831750E+00
.1198957969559810E+00
-.1625949961389810E+00
.9793813685704130E+00
-.5833502145876260E+00
.7175968662601270E+00
.3804697946936340E+00
-.7515741802315030E+00
-.4936078343979920E+00
.4375929129113830E+00
.2009906689238910E+00
.6736198483301010E+00
-.7112236293468170E+00
-.7534385144278281E+00
-.6574400099973420E+00
.1015077492031100E-01
-.7369255501537820E+00
-.4493128289888130E+00
-.5050333803191780E+00
.7363410017545099E-01
-.9081262971877900E+00
.4121706535494070E+00
.8604257487031480E+00
-.3956150842200620E+00
.3211794453357500E+00
-.4183674840116950E+00
-.8318106329641760E+00
.3647735176920880E+00
-.4422871558739990E+00
-.2488394467450050E+00
.8616617674543350E+00
.4983802752062830E+00
.8061079987169470E+00
-.3190720854131050E+00
-.6595632990083580E+00
-.2891109908425900E-01
-.7510928058175980E+00
-.6373766780414500E-01
.9197217249977430E+00
-.3873621797104940E+00
.7928759880926700E+00
-.3019213234471030E+00
-.5293308813530750E+00
-.8000571570122060E+00
-.3514307105441600E-01
.5988935715721200E+00
-.4137072767035110E+00
.9102757737425310E+00
.1563025719561200E-01
-.6181969508954310E+00
.7259078154479790E+00
-.3014803034613310E+00
.2178834151646920E+00
-.6209084663498160E+00
.7529936877632440E+00
-.3042959965798370E+00
.3081947735678490E+00
-.9013434018236040E+00
.9804906783144970E+00
.1295044144228790E+00
.1478737176896700E+00
.1562258435665270E+00
.9876802826223710E+00
-.9008058665523001E-02
