.2171645889028870E+00
-.5234149026728629E+00
.8239395493521340E+00
.5234149026728629E+00
.2171645889028900E+00
.8239395493521330E+00
-.5234149026728671E+00
-.2171645889028900E+00
.8239395493521310E+00
-.2171645889028910E+00
.5234149026728659E+00
.8239395493521310E+00
-.9603731115906560E+00
-.2723510526510520E+00
.5923166934627100E-01
.2723510526510560E+00
-.9603731115906550E+00
.5923166934627000E-01
-.2723510526510510E+00
.9603731115906560E+00
.5923166934626900E-01
.9603731115906560E+00
.2723510526510530E+00
.5923166934626800E-01
.1674705772373980E+00
.7907526524689260E+00
.5887816644335410E+00
-.7907526524689260E+00
.1674705772374010E+00
.5887816644335400E+00
.7907526524689270E+00
-.1674705772373960E+00
.5887816644335400E+00
-.1674705772373990E+00
-.7907526524689280E+00
.5887816644335390E+00
.6268549472339769E+00
-.6851531423520510E+00
.3709690642808350E+00
-.6851531423520530E+00
-.6268549472339781E+00
.3709690642808300E+00
.6851531423520540E+00
.6268549472339759E+00
.3709690642808300E+00
-.6268549472339781E+00
.6851531423520550E+00
.3709690642808260E+00
-.2000000000000000E-14
.1000000000000000E-14
.1000000000000000E+01
-.1000000000000000E-14
-.2000000000000000E-14
-.1000000000000000E+01
-.6268549472339769E+00
-.6851531423520550E+00
-.3709690642808270E+00
.6851531423520560E+00
-.6268549472339759E+00
-.3709690642808280E+00
-.6851531423520530E+00
.6268549472339759E+00
-.3709690642808330E+00
.6268549472339759E+00
.6851531423520520E+00
-.3709690642808340E+00
-.7907526524689260E+00
-.1674705772374010E+00
-.5887816644335390E+00
-.1674705772373980E+00
.7907526524689270E+00
-.5887816644335390E+00
.7907526524689260E+00
.1674705772373980E+00
-.5887816644335410E+00
.1674705772374010E+00
-.7907526524689260E+00
-.5887816644335410E+00
.9603731115906560E+00
-.2723510526510510E+00
-.5923166934626800E-01
.2723510526510560E+00
.9603731115906550E+00
-.5923166934626900E-01
-.2723510526510490E+00
-.9603731115906570E+00
-.5923166934627000E-01
-.9603731115906560E+00
.2723510526510530E+00
-.5923166934627100E-01
-.2171645889028910E+00
-.5234149026728671E+00
-.8239395493521310E+00
-.5234149026728649E+00
.2171645889028880E+00
-.8239395493521320E+00
.5234149026728649E+00
-.2171645889028910E+00
-.8239395493521320E+00
.2171645889028880E+00
.5234149026728629E+00
-.8239395493521340E+00
