-.4454934300000000E-07
-.8503598000000000E-07
.9999999999999950E+00
-.5177190911855520E+00
.4331090192251200E-01
.8544536900246060E+00
.5177190451365540E+00
-.4331160425651800E-01
.8544536823255090E+00
.4331116212072700E-01
.5177194078198381E+00
.8544534849846590E+00
-.4331207216189000E-01
-.5177195974308000E+00
.8544533239686840E+00
.4571430426655830E+00
-.5696973674455520E+00
.6829825386260330E+00
.5696965548046840E+00
.4571441639110520E+00
.6829824659870410E+00
-.4571442729039770E+00
.5696966870522200E+00
.6829822827224870E+00
-.5696972967977501E+00
-.4571447032864860E+00
.6829814860436900E+00
.8875856819419440E+00
-.7447306075994800E-01
.4545826882237150E+00
-.8875858156905090E+00
.7447222430409500E-01
.4545825641093320E+00
.7447259905609201E-01
.8875861087572070E+00
.4545819304933600E+00
-.7447479286072101E-01
-.8875862042345730E+00
.4545813846615530E+00
.7271662714663309E+00
-.6255227025456870E+00
.2827553045332560E+00
-.7271669882051170E+00
.6255221242593260E+00
.2827547405912040E+00
.6255223698702750E+00
.7271667904670130E+00
.2827547057676990E+00
-.6255243413628490E+00
-.7271658207335500E+00
.2827528382164850E+00
.2429162044998280E+00
-.9613230500732900E+00
.1298064366246330E+00
.9613228328097100E+00
.2429172001057480E+00
.1298061824856510E+00
-.2429174757673530E+00
.9613228457272190E+00
.1298055709503200E+00
-.9613235041304460E+00
-.2429156322284220E+00
.1298041448699800E+00
.9186911877558380E+00
-.3730378577581600E+00
-.1298046925922570E+00
.3730379054632050E+00
.9186910533513860E+00
-.1298055067389140E+00
-.9186907507392770E+00
.3730386064524850E+00
-.1298056339381780E+00
-.3730393392825960E+00
-.9186903305662369E+00
-.1298065016542070E+00
.5193800903423250E+00
-.8064087013289890E+00
-.2827531223114820E+00
.8064087584844530E+00
.5193795807720309E+00
-.2827538953164620E+00
-.5193793159883360E+00
.8064087444516690E+00
-.2827544217079030E+00
-.8064090713281530E+00
-.5193778676768770E+00
-.2827561497953450E+00
-.4851541855494600E-01
-.8893830952381260E+00
-.4545810863499370E+00
.8893827965919510E+00
-.4851624914889600E-01
-.4545815820012980E+00
.4851664150914500E-01
.8893824446387800E+00
-.4545822287166760E+00
-.8893816452887610E+00
.4851778660045900E-01
-.4545836704137640E+00
.5012864804232090E+00
-.5312705143147310E+00
-.6829813358831061E+00
.5312706053174980E+00
.5012856017309730E+00
-.6829819100260240E+00
-.5012846173033551E+00
.5312706259976890E+00
-.6829826164750120E+00
-.5312690264763980E+00
-.5012859112271620E+00
-.6829829109955640E+00
-.2842476493275400E-01
-.5187504913439580E+00
-.8544530182923580E+00
.5187501968240640E+00
-.2842625290557200E-01
-.8544531475983590E+00
.2842673958813700E-01
.5187491111308150E+00
-.8544537905453859E+00
-.5187484443567840E+00
.2842585246186400E-01
-.8544542248647580E+00
.9231958140000000E-06
-.7623736080000000E-06
-.9999999999992830E+00
