-.3929671874325110E+00
-.2268795042680110E+00
.8911242787313580E+00
.3929671874325110E+00
-.2268795042680110E+00
.8911242787313580E+00
.0000000000000000E+00
.4537614553603710E+00
.8911231910511800E+00
-.8933985082653439E+00
.1247252206187440E+00
.4316048247770910E+00
.8933985082653439E+00
.1247252206187440E+00
.4316048247770910E+00
-.3386831276901980E+00
-.8360689154973659E+00
.4316045731419490E+00
.3386831276901980E+00
-.8360689154973659E+00
.4316045731419490E+00
-.5547159021438430E+00
.7113425695090601E+00
.4316040045145430E+00
.5547159021438430E+00
.7113425695090611E+00
.4316040045145430E+00
-.8660252905745500E+00
-.5000001960852281E+00
.0000000000000000E+00
.8660252905745500E+00
-.5000001960852281E+00
.0000000000000000E+00
.0000000000000000E+00
.1000000000000000E+01
.0000000000000000E+00
-.5547159021438430E+00
.7113425695090601E+00
-.4316040045145430E+00
.5547159021438430E+00
.7113425695090601E+00
-.4316040045145430E+00
-.3386831276901980E+00
-.8360689154973659E+00
-.4316045731419490E+00
.3386831276901980E+00
-.8360689154973659E+00
-.4316045731419490E+00
-.8933985082653439E+00
.1247252206187440E+00
-.4316048247770910E+00
.8933985082653439E+00
.1247252206187440E+00
-.4316048247770910E+00
.0000000000000000E+00
.4537614553603710E+00
-.8911231910511800E+00
-.3929671874325110E+00
-.2268795042680110E+00
-.8911242787313580E+00
.3929671874325110E+00
-.2268795042680110E+00
-.8911242787313580E+00
