-.4537343596016550E+00
.8775124148310820E+00
-.1552323830075380E+00
.1354997983319400E-01
-.9925910670452039E+00
-.1207450689203650E+00
-.9179844194520030E+00
.3857808933609190E+00
.9207446964832400E-01
.7187069199770750E+00
.6948571700507610E+00
.2517690223428400E-01
.3925023893986180E+00
-.5015328276946620E+00
.7709777539339070E+00
-.4676878160994510E+00
-.6793034171379730E+00
-.5655218599990630E+00
.2899280890159110E+00
-.5139674526782050E+00
-.8073284095007800E+00
.1107899119136740E+00
-.9693594974004350E+00
.2192436092973660E+00
.6639909037110030E+00
-.5646528062108020E+00
.4901869931233510E+00
-.4289348413392530E+00
-.8579054477344090E+00
-.2828659481678430E+00
-.1097653028948560E+00
.7603734492829830E+00
.6401435744470920E+00
.5597897657651340E+00
-.1455843236484310E+00
.8157454399826241E+00
-.1391862593757500E-01
.8858352622614150E+00
-.4637910736379700E+00
-.4324147485916120E+00
.8317920326228530E+00
.3480510015293670E+00
-.8589093634818940E+00
.2475872583461810E+00
.4483026375427090E+00
.3374025686695760E+00
-.1835962547693090E+00
-.9232832295075299E+00
.2547562642529730E+00
.1245211377934330E+00
.9589544994766430E+00
.7531588260319801E-01
.6630491437152340E+00
-.7447773834148000E+00
-.4280825508753170E+00
.7559179494710589E+00
-.4953114003367500E+00
.3314100600000000E-07
-.3149605000000000E-08
-.1000000000000000E+01
-.8775124441329670E+00
-.4537343226436850E+00
-.1552323253928210E+00
.9925910627799840E+00
.1354995965864000E-01
-.1207451062468020E+00
-.3857808285420240E+00
-.9179844422032190E+00
.9207451440151700E-01
-.6948571203629210E+00
.7187069671914390E+00
.2517692577407800E-01
.5015329150381710E+00
.3925024408065800E+00
.7709776709439720E+00
.6793033591672880E+00
-.4676878629032650E+00
-.5655218909264390E+00
.5139674525600491E+00
.2899281298139880E+00
-.8073283949245800E+00
.9693595038158770E+00
.1107898956368240E+00
.2192435891573990E+00
.5646528062232180E+00
.6639909529354840E+00
.4901869264312060E+00
.8579054124312420E+00
-.4289348368000830E+00
-.2828660621221050E+00
-.7603734647402050E+00
-.1097653340854850E+00
.6401435507384871E+00
.1455843665029100E+00
.5597897563619540E+00
.8157454387872300E+00
-.8858352672040130E+00
-.1391864810790200E-01
-.4637910635323230E+00
-.8317920510461340E+00
-.4324147582346350E+00
.3480509455199740E+00
-.2475872539038320E+00
-.8589093446489140E+00
.4483026760784870E+00
.1835962604417960E+00
.3374025361121160E+00
-.9232832402772730E+00
-.1245210707647710E+00
.2547562421747760E+00
.9589545140456780E+00
-.6630491515617920E+00
.7531587572699899E-01
-.7447773771246430E+00
-.7559179695341200E+00
-.4280825648991430E+00
-.4953113575972030E+00
.4537343694635370E+00
-.8775124205600970E+00
-.1552323217963530E+00
-.1354998156980800E-01
.9925910595803530E+00
-.1207451300906590E+00
.9179844413221830E+00
-.3857808553539150E+00
.9207441084688500E-01
-.7187069258400290E+00
-.6948571646870690E+00
.2517688290123000E-01
-.3925024357975930E+00
.5015328267082340E+00
.7709777309540170E+00
.4676878175517700E+00
.6793034109770260E+00
-.5655218661985050E+00
-.2899281271478050E+00
.5139674109910780E+00
-.8073284223460080E+00
-.1107899109554170E+00
.9693595090479490E+00
.2192435582835010E+00
-.6639909213698501E+00
.5646528127833330E+00
.4901869616322820E+00
.4289348262109350E+00
.8579054399852760E+00
-.2828659946106370E+00
.1097652964988060E+00
-.7603734622172680E+00
.6401435601802570E+00
-.5597897712692760E+00
.1455843020279320E+00
.8157454400640750E+00
.1391857207054700E-01
-.8858352884052610E+00
-.4637910253201170E+00
.4324147965842750E+00
-.8317920131242200E+00
.3480509885027450E+00
.8589093771741160E+00
-.2475873141408500E+00
.4483025804954640E+00
-.3374025312393600E+00
.1835962309384430E+00
-.9232832479247480E+00
-.2547562316175670E+00
-.1245210552940110E+00
.9589545188592020E+00
-.7531590040350999E-01
-.6630491564542810E+00
-.7447773702736110E+00
.4280824800019500E+00
-.7559180263238759E+00
-.4953113443017400E+00
.8775124292157280E+00
.4537343505294810E+00
-.1552323282100130E+00
-.9925910615500930E+00
-.1354993363668500E-01
-.1207451192773460E+00
.3857808326330470E+00
.9179844457197009E+00
.9207446220123200E-01
.6948571762252690E+00
-.7187069136504600E+00
.2517691242537300E-01
-.5015328361405390E+00
-.3925024641932260E+00
.7709777103620270E+00
-.6793034347785170E+00
.4676877874681910E+00
-.5655218624874000E+00
-.5139674314232340E+00
-.2899281339547020E+00
-.8073284068938410E+00
-.9693595108242250E+00
-.1107898474293790E+00
.2192435825313780E+00
-.5646528479604520E+00
-.6639909169502390E+00
.4901869270979500E+00
-.8579054388831150E+00
.4289348415620650E+00
-.2828659746751020E+00
.7603734961490640E+00
.1097652466816790E+00
.6401435284176190E+00
-.1455843213038820E+00
-.5597897159643980E+00
.8157454745758550E+00
.8858352741060500E+00
.1391861500696300E-01
-.4637910513428930E+00
.8317920304012250E+00
.4324147739876070E+00
.3480509752870330E+00
.2475872166953560E+00
.8589093807938750E+00
.4483026273772330E+00
-.1835962430012720E+00
-.3374025242661400E+00
-.9232832480743139E+00
.1245210832287170E+00
-.2547561547565580E+00
.9589545356507780E+00
.6630491618077250E+00
-.7531588415811399E-01
-.7447773671504490E+00
.7559179885597320E+00
.4280825445722180E+00
-.4953113461292640E+00
