.1820439139281680E+00
-.9270480414440301E-01
.9789105335475060E+00
-.3401633920477120E+00
.9663627657320201E-01
.9353877788172470E+00
.7002964239918601E-01
.4380170657623020E+00
.8962348460567831E+00
.4062991986506810E+00
-.3922229581099740E+00
.8252769912624950E+00
-.5020529074758030E+00
-.3134031772454700E+00
.8060529303882820E+00
-.1661703755161100E+00
-.6315818950032080E+00
.7572923584752410E+00
.5645568330804510E+00
.4315665190468060E+00
.7035807855960790E+00
-.2516571655732720E+00
.7004201169962340E+00
.6678924544585070E+00
.7610737834093440E+00
.3383949530331300E-01
.6477820503569111E+00
-.6891669599249560E+00
.4700411035401430E+00
.5514619318960819E+00
-.8444588347019710E+00
.8321120320645400E-01
.5291173519690350E+00
.1667901532816890E+00
-.8379639696975130E+00
.5196127695284790E+00
-.3381426530000000E-06
-.9999999999999410E+00
.5113954300000000E-07
.8253203551563260E+00
.5627479720204420E+00
.4648689440601700E-01
.4287847588635380E+00
.7880947236836710E+00
.4416450351450770E+00
.8379821657580890E+00
-.3978412991317320E+00
.3735079524943990E+00
-.7253542570650870E+00
-.5819373435055580E+00
.3677093009311160E+00
.5999780016940850E+00
-.7480959082643770E+00
.2835117449441370E+00
.1029621182160000E-01
.9604558712685930E+00
.2782418145567120E+00
-.4111736771343270E+00
-.8831299356664370E+00
.2258710339145550E+00
.9701463166151120E+00
.1898971293856600E+00
.1508482834148810E+00
-.9599163201947990E+00
-.2374551885803040E+00
.1489150483999820E+00
-.4890780810853070E+00
.8614100266805150E+00
.1370233430339080E+00
.4890783442680340E+00
.8614098585861970E+00
-.1370234603947360E+00
.9599161425106100E+00
-.2374556559789740E+00
-.1489154484637000E+00
-.9701462117550880E+00
.1898974633531040E+00
-.1508485373787490E+00
.4111732079926710E+00
-.8831302865417910E+00
-.2258705160520720E+00
-.1029583067458200E-01
.9604558438669050E+00
-.2782419232477950E+00
-.5999782789313950E+00
-.7480958300835960E+00
-.2835113645377490E+00
.7253538576610640E+00
-.5819379418427429E+00
-.3677091418771710E+00
-.8379821117624020E+00
-.3978411731600070E+00
-.3735082078146280E+00
-.4287844897392210E+00
.7880948648638860E+00
-.4416450445032190E+00
-.8253202035618510E+00
.5627482030229050E+00
-.4648678938275400E-01
-.1667905266812980E+00
-.8379639354972040E+00
-.5196127048248650E+00
.8444588556999950E+00
.8321098560096100E-01
-.5291173526781850E+00
.6891670262862080E+00
.4700410280193430E+00
-.5514619133343150E+00
-.7610735940891260E+00
.3383958171934800E-01
-.6477822682733150E+00
.2516572273368960E+00
.7004198745216060E+00
-.6678926854699360E+00
-.5645567807770040E+00
.4315667009504790E+00
-.7035807159874600E+00
.1661703071989450E+00
-.6315821849819240E+00
-.7572921316235020E+00
.5020528463255750E+00
-.3134035011556450E+00
-.8060528425356320E+00
-.4062990999839090E+00
-.3922229921958800E+00
-.8252770236382300E+00
-.7002962925569101E-01
.4380168919484090E+00
-.8962349320318680E+00
.3401636430188650E+00
.9663601187220600E-01
-.9353877148955770E+00
-.1820437268835720E+00
-.9270483100599700E-01
-.9789105657875440E+00
