-.5771661979184690E+00
-.3644700571202700E-01
.8158129661601160E+00
.5771661979184680E+00
-.3644700571202600E-01
.8158129661601160E+00
-.2571194699666420E+00
.5181142014573600E+00
.8157495034704439E+00
.2571194699666420E+00
.5181142014573610E+00
.8157495034704429E+00
-.3202300429695220E+00
-.4816944293858340E+00
.8157347585326949E+00
.3202300429695220E+00
-.4816944293858340E+00
.8157347585326949E+00
-.5672451626638910E+00
.7705127901902480E+00
.2907627307404700E+00
.5672451626638920E+00
.7705127901902480E+00
.2907627307404690E+00
-.3836485100117160E+00
-.8765191204625700E+00
.2907370843723140E+00
.3836485100117160E+00
-.8765191204625690E+00
.2907370843723140E+00
-.9509219123963960E+00
.1060178229685290E+00
.2907021460832290E+00
.9509219123963960E+00
.1060178229685290E+00
.2907021460832290E+00
-.8660435790983469E+00
-.4999685181114160E+00
.0000000000000000E+00
.8660435790983469E+00
-.4999685181114150E+00
.0000000000000000E+00
.0000000000000000E+00
.1000000000000000E+01
.0000000000000000E+00
-.9509219123963960E+00
.1060178229685290E+00
-.2907021460832290E+00
.9509219123963960E+00
.1060178229685290E+00
-.2907021460832290E+00
-.3836485100117150E+00
-.8765191204625700E+00
-.2907370843723140E+00
.3836485100117160E+00
-.8765191204625690E+00
-.2907370843723140E+00
-.5672451626638920E+00
.7705127901902470E+00
-.2907627307404690E+00
.5672451626638920E+00
.7705127901902480E+00
-.2907627307404690E+00
-.3202300429695220E+00
-.4816944293858340E+00
-.8157347585326949E+00
.3202300429695220E+00
-.4816944293858340E+00
-.8157347585326949E+00
-.2571194699666420E+00
.5181142014573610E+00
-.8157495034704429E+00
.2571194699666420E+00
.5181142014573610E+00
-.8157495034704429E+00
-.5771661979184680E+00
-.3644700571202700E-01
-.8158129661601160E+00
.5771661979184680E+00
-.3644700571202700E-01
-.8158129661601160E+00
