0
1.
0
0
.3090169943749475
.9510565162951535
0
-.8090169943749475
.5877852522924733
0
-.8090169943749475
-.5877852522924733
0
.3090169943749475
-.9510565162951535
.3745414095535811
-.4330105156769035
.8198906182185759
.3745414095535811
-.9135699231932615
-.1584573380007217
.3745414095535811
-.1316067479561629
-.9178226388698525
.3745414095535811
.8322324798075121
-.4087882484649669
.3745414095535811
.6459547070188161
.6651776071169655
-.3745414095535811
-.4330105156769035
-.8198906182185759
-.3745414095535811
-.9135699231932615
.1584573380007217
-.3745414095535811
-.1316067479561629
.9178226388698525
-.3745414095535811
.8322324798075121
.4087882484649669
-.3745414095535811
.6459547070188161
-.6651776071169655
.8324974870009819
-.5540288206736631
0
.8324974870009819
-.1712043209616724
-.5269127201170063
.8324974870009819
.4482187312985036
-.3256499701369705
.8324974870009819
.4482187312985036
.3256499701369705
.8324974870009819
-.1712043209616718
.5269127201170065
-.8324974870009819
-.5540288206736631
0
-.8324974870009819
-.1712043209616724
.5269127201170063
-.8324974870009819
.4482187312985036
.3256499701369705
-.8324974870009819
.4482187312985036
-.3256499701369705
-.8324974870009819
-.1712043209616718
-.5269127201170065
