.2836479244733400E+00
.7899587525899050E+00
-.5436074173045921E+00
-.4897003463882530E+00
.8536962844294890E+00
-.1771897985170440E+00
.3162286801121220E+00
.3539063504711200E-01
.9480226394055720E+00
.6551484105262070E+00
-.5202483429396580E+00
.5478341189206130E+00
.5830235677276890E+00
.6221486965069700E+00
.5225079127714291E+00
.1797773979545420E+00
.9796472264101950E+00
-.8928269133211900E-01
.9273774467480140E+00
.2288279295614800E+00
.2959879219085470E+00
.9206738076282300E-01
-.6788122085177249E+00
-.7285173868664790E+00
.4907369631720990E+00
-.1327301034314920E+00
-.8611387534071920E+00
-.3000000000000000E-14
-.1000000000000000E+01
-.1800000000000000E-13
-.8660253999262950E+00
.5000000066824990E+00
-.4635230400000000E-07
.8660253999262940E+00
.5000000066825000E+00
.4635232100000000E-07
-.2836479244732980E+00
.7899587525899250E+00
.5436074173045850E+00
.4897003463882610E+00
.8536962844294920E+00
.1771897985170050E+00
-.3162286801121410E+00
.3539063504713100E-01
-.9480226394055650E+00
-.6551484105261960E+00
-.5202483429396660E+00
-.5478341189206190E+00
-.5830235677276870E+00
.6221486965069680E+00
-.5225079127714340E+00
-.1797773979545430E+00
.9796472264101950E+00
.8928269133212501E-01
-.9273774467480230E+00
.2288279295614860E+00
-.2959879219085160E+00
-.9206738076282001E-01
-.6788122085177160E+00
.7285173868664870E+00
-.4907369631721220E+00
-.1327301034314840E+00
.8611387534071800E+00
.8259482671019500E+00
-.1493331494126430E+00
.5436074599909270E+00
.4944724992921720E+00
-.8509410979225190E+00
.1771897155880390E+00
.1887634860782580E+00
.2561667906852900E+00
-.9480226377432041E+00
-.1229739851198300E+00
.8274993590812260E+00
-.5478341078318399E+00
.8303083733196420E+00
.1938388480876210E+00
-.5225079005788860E+00
.9382880764180770E+00
-.3341318326316720E+00
.8928271990629100E-01
.6618596017070750E+00
.6887183897835650E+00
-.2959879173244840E+00
-.5418349350845120E+00
.4191389242792830E+00
.7285173060922910E+00
.1304207977035780E+00
.4913557129973290E+00
.8611387686263170E+00
-.8259482671019610E+00
-.1493331494126600E+00
-.5436074599909050E+00
-.4944724992921750E+00
-.8509410979225190E+00
-.1771897155880350E+00
-.1887634860782980E+00
.2561667906852830E+00
.9480226377431979E+00
.1229739851198770E+00
.8274993590812130E+00
.5478341078318480E+00
-.8303083733196320E+00
.1938388480876240E+00
.5225079005789000E+00
-.9382880764180810E+00
-.3341318326316630E+00
-.8928271990628500E-01
-.6618596017070580E+00
.6887183897835940E+00
.2959879173244540E+00
.5418349350845000E+00
.4191389242792320E+00
-.7285173060923290E+00
-.1304207977036120E+00
.4913557129973500E+00
-.8611387686263000E+00
.5423003095111820E+00
-.6406256888316320E+00
-.5436074880951079E+00
.9841728388217210E+00
-.2755181915309000E-02
-.1771898199621210E+00
-.1274652246158460E+00
-.2915572907161760E+00
.9480226594042340E+00
-.7781224564333949E+00
-.3072511404749040E+00
.5478340802386530E+00
.2472848003876590E+00
-.8159875952367081E+00
.5225078678039690E+00
.7585107088174320E+00
-.6455153772253700E+00
-.8928271039157400E-01
-.2655178417040020E+00
-.9175463967077000E+00
.2959879822316520E+00
-.6339024510817930E+00
.2596733643246680E+00
-.7285172793920570E+00
-.3603161111694390E+00
-.3586255145031350E+00
-.8611388043626270E+00
-.5423003095111660E+00
-.6406256888316580E+00
.5436074880950930E+00
-.9841728388217140E+00
-.2755181915318000E-02
.1771898199621560E+00
.1274652246158270E+00
-.2915572907161780E+00
-.9480226594042350E+00
.7781224564334061E+00
-.3072511404748740E+00
-.5478340802386530E+00
-.2472848003876510E+00
-.8159875952367061E+00
-.5225078678039770E+00
-.7585107088174280E+00
-.6455153772253760E+00
.8928271039156301E-01
.2655178417040350E+00
-.9175463967076890E+00
-.2959879822316560E+00
.6339024510817520E+00
.2596733643246830E+00
.7285172793920870E+00
.3603161111694350E+00
-.3586255145031510E+00
.8611388043626220E+00
