.8088472790091120E+00
-.1548943610173890E+00
.5672511050360070E+00
-.1548943707909500E+00
.5672512131190049E+00
.8088472013379860E+00
-.8088472763153940E+00
.1548942820239280E+00
.5672511304470530E+00
.5672510954451880E+00
.8088472747472800E+00
-.1548944183956690E+00
.1548944322596620E+00
.5672510422369740E+00
-.8088473094076680E+00
.5672511623476690E+00
-.8088472237733420E+00
.1548944395689370E+00
.1548942673485440E+00
-.5672511207197610E+00
.8088472859475589E+00
-.5672511233018740E+00
-.8088472859748910E+00
-.1548942577496530E+00
-.1548944339465310E+00
-.5672511172384600E+00
-.8088472564854891E+00
-.5672511078300970E+00
.8088472751638430E+00
.1548943708646460E+00
.8088472826430509E+00
.1548943919896910E+00
-.5672510913970080E+00
-.8088472237983110E+00
-.1548943816067850E+00
-.5672511781392940E+00
-.5164744404679700E+00
-.1028335871668420E+00
-.8501055262105390E+00
-.1028336788209900E+00
-.8501055097121299E+00
-.5164744493750110E+00
.5164745112741070E+00
.1028335101078860E+00
-.8501054925143490E+00
-.8501055034475090E+00
-.5164744830993770E+00
-.1028335612311890E+00
.1028335589949580E+00
-.8501054980272340E+00
.5164744924662780E+00
-.8501054951559730E+00
.5164744771639470E+00
.1028336595859800E+00
.1028335859554880E+00
.8501054696064860E+00
-.5164745338781680E+00
.8501054973121051E+00
.5164744935983950E+00
-.1028335592208070E+00
-.1028336111016930E+00
.8501055501885360E+00
.5164743962351210E+00
.8501055197653110E+00
-.5164744393541730E+00
.1028336460422550E+00
-.5164744813801300E+00
.1028336016521940E+00
.8501054996024690E+00
.5164744845966940E+00
-.1028336192027370E+00
.8501054955252590E+00
.3233820120845110E+00
-.8473340400488500E+00
-.4212470757580000E+00
-.8473340781145660E+00
-.4212469982717590E+00
.3233820132796070E+00
-.3233820992082840E+00
.8473339737459800E+00
-.4212471422425210E+00
-.4212469691756860E+00
.3233820221067990E+00
-.8473340892106350E+00
.8473340727340440E+00
-.4212470239088170E+00
-.3233819939821970E+00
-.4212469911327760E+00
-.3233819578837440E+00
.8473341028052980E+00
.8473340003458431E+00
.4212470865431200E+00
.3233821020663390E+00
.4212470886713750E+00
-.3233821641151250E+00
-.8473339756070860E+00
-.8473340470845730E+00
.4212470710173810E+00
-.3233819998245990E+00
.4212470790716500E+00
.3233820377954580E+00
.8473340285889980E+00
.3233819949635010E+00
.8473341105334020E+00
.4212469471224630E+00
-.3233820029888280E+00
-.8473340782461920E+00
.4212470059069970E+00
.4650341956182080E+00
.4675059470588570E+00
-.7517854656551480E+00
.4675060025923550E+00
-.7517854089387480E+00
.4650342314786250E+00
-.4650341953868130E+00
-.4675060610336150E+00
-.7517853949218311E+00
-.7517854878819060E+00
.4650340714863790E+00
.4675060347920300E+00
-.4675060438217050E+00
-.7517854984712170E+00
-.4650340452897640E+00
-.7517854520617900E+00
-.4650341809794910E+00
-.4675059834793400E+00
-.4675060697487610E+00
.7517854200576750E+00
.4650341459901330E+00
.7517854135570620E+00
-.4650341341188970E+00
.4675060920107090E+00
.4675059895310780E+00
.7517854400997650E+00
-.4650341942336830E+00
.7517854539812580E+00
.4650341731329550E+00
-.4675059881977370E+00
.4650340594648060E+00
-.4675059938181760E+00
.7517855207981620E+00
-.4650341676886390E+00
.4675060285366370E+00
.7517854322637780E+00
.2093128944615490E+00
.1041121047601900E+00
-.9722904822400210E+00
.1041123134841030E+00
-.9722904652325270E+00
.2093128696447120E+00
-.2093128327302430E+00
-.1041122869677410E+00
-.9722904760187610E+00
-.9722904898743210E+00
.2093128430095150E+00
.1041121369064520E+00
-.1041121139356660E+00
-.9722904986931480E+00
-.2093128134703590E+00
-.9722904731918390E+00
-.2093128459198460E+00
-.1041122868509030E+00
-.1041122672183030E+00
.9722904885288211E+00
.2093127844424510E+00
.9722904817751360E+00
-.2093128321297560E+00
.1041122344169770E+00
.1041121379259440E+00
.9722904741230700E+00
-.2093129156693990E+00
.9722904793402350E+00
.2093128733862770E+00
-.1041121742118390E+00
.2093128410620030E+00
-.1041121125127480E+00
.9722904929056370E+00
-.2093128440345410E+00
.1041123405685830E+00
.9722904678456450E+00
.7216954859266860E+00
.2018658593239520E+00
.6621221944871259E+00
.2018658476700080E+00
.6621222367138230E+00
.7216954504453760E+00
-.7216954812433070E+00
-.2018659176078650E+00
.6621221818224540E+00
.6621221744706410E+00
.7216955152720230E+00
.2018658200650110E+00
-.2018657954984980E+00
.6621221524532080E+00
-.7216955423435070E+00
.6621222113116120E+00
-.7216954884059560E+00
-.2018657952757480E+00
-.2018659274163680E+00
-.6621221559436890E+00
.7216955022423310E+00
-.6621221805786111E+00
-.7216954767108340E+00
.2018659378918250E+00
.2018657784381520E+00
-.6621222331251310E+00
-.7216954731027130E+00
-.6621222050543110E+00
.7216954819099530E+00
-.2018658390237850E+00
.7216955143195199E+00
-.2018658601738680E+00
-.6621221632805750E+00
-.7216954698705330E+00
.2018658552786620E+00
-.6621222132212180E+00
.2909513949025080E+00
.9525402267083380E+00
.8952319423877200E-01
.9525402054284580E+00
.8952334037530300E-01
.2909514196053320E+00
-.2909513518067470E+00
-.9525402322262780E+00
.8952327558872400E-01
.8952330531095599E-01
.2909515193230890E+00
.9525401782653510E+00
-.9525401853042840E+00
.8952329062954199E-01
-.2909515007958180E+00
.8952334408841101E-01
-.2909514744852920E+00
-.9525401883165160E+00
-.9525402313073560E+00
-.8952325749572300E-01
.2909513603822520E+00
-.8952325360039200E-01
-.2909513274149480E+00
.9525402417432450E+00
.9525402156423890E+00
-.8952326497831900E-01
-.2909514093651600E+00
-.8952322950287700E-01
.2909513490841080E+00
-.9525402373892210E+00
.2909515097957090E+00
-.9525401825773669E+00
-.8952329039458901E-01
-.2909514509812400E+00
.9525401910066130E+00
-.8952339185372500E-01
.5773502001377950E+00
.5773503445871661E+00
.5773502628439080E+00
-.5773502548306790E+00
-.5773502589377710E+00
.5773502938004260E+00
-.5773502892836010E+00
.5773502031972070E+00
-.5773503150880640E+00
.5773503028560520E+00
-.5773503156854670E+00
-.5773501890273510E+00
