.0000000000000000E+00
-.3285289052000000E-04
.9999999994603440E+00
.0000000000000000E+00
-.6469284185645821E+00
.7625507335604160E+00
-.5601370480106160E+00
.3233614038692790E+00
.7626820372433341E+00
.5601370480106160E+00
.3233614038692790E+00
.7626820372433341E+00
-.9725773284618580E+00
.4506520171743700E-01
.2281720135252410E+00
.4473362417116860E+00
-.8647866996311770E+00
.2281101729258930E+00
.5253071363953710E+00
.8197687274034290E+00
.2281044629626030E+00
.9725773284618580E+00
.4506520171743800E-01
.2281720135252410E+00
-.5253071363953710E+00
.8197687274034290E+00
.2281044629626030E+00
-.4473362417116850E+00
-.8647866996311770E+00
.2281101729258930E+00
.4883340720108450E+00
.4674522230120680E+00
-.7368977224244780E+00
-.6490842082913481E+00
.1892817046120730E+00
-.7367917798441720E+00
.1605852940004320E+00
-.6566797034979041E+00
-.7368745689496270E+00
-.4883340720108450E+00
.4674522230120670E+00
-.7368977224244780E+00
.6490842082913471E+00
.1892817046120730E+00
-.7367917798441720E+00
-.1605852940004320E+00
-.6566797034979041E+00
-.7368745689496270E+00
.0000000000000000E+00
.9969209599217640E+00
-.7841300701202400E-01
-.8633545514960070E+00
-.4984427017185330E+00
-.7857347844316200E-01
.8633545514960070E+00
-.4984427017185330E+00
-.7857347844316200E-01
