-.1606328281287040E+00
.8289373812920769E+00
.5357797237891160E+00
-.3558012812304210E+00
.7079872292131750E+00
-.6100487943971160E+00
-.3608153422152350E+00
-.9216784222243090E+00
-.1425523581977660E+00
-.6928200000000000E-10
.9999999999997660E+00
-.2431100000000000E-09
.7901200000000000E-10
-.3638910000000000E-09
.9999999999997660E+00
.9999999999997660E+00
.2574100000000000E-09
-.1207180000000000E-09
.1498730000000000E-09
-.2452290000000000E-09
-.9999999999997660E+00
-.9999999999997660E+00
.8972800000000001E-10
.1173790000000000E-09
-.1836670000000000E-09
-.9999999999997660E+00
-.5489700000000000E-10
.5357797235439370E+00
-.1606328282234260E+00
.8289373814321910E+00
-.6100487943576470E+00
-.3558012810786440E+00
.7079872293234600E+00
-.1425523583156430E+00
-.3608153422744150E+00
-.9216784221829100E+00
.8289373813636780E+00
-.1606328282227420E+00
-.5357797236501430E+00
.7079872292850820E+00
-.3558012810761820E+00
.6100487944036230E+00
-.9216784222364670E+00
-.3608153421260820E+00
.1425523583448130E+00
.8289373813406400E+00
.5357797236701980E+00
-.1606328282747350E+00
.7079872294404310E+00
-.6100487943332220E+00
-.3558012808877700E+00
-.9216784223309660E+00
-.1425523581031560E+00
-.3608153419801670E+00
-.5357797236563960E+00
.8289373814006530E+00
-.1606328280110800E+00
.6100487944093570E+00
.7079872292895760E+00
-.3558012810574090E+00
.1425523583400680E+00
-.9216784221818480E+00
-.3608153422674760E+00
-.1606328281889260E+00
-.5357797237347460E+00
.8289373813155489E+00
-.3558012811001080E+00
.6100487942657280E+00
.7079872293918770E+00
-.3608153419782810E+00
.1425523581519570E+00
-.9216784223241560E+00
-.1606328282504290E+00
.5357797235317729E+00
-.8289373814348210E+00
-.3558012813286840E+00
-.6100487944954800E+00
-.7079872290790360E+00
-.3608153421724470E+00
-.1425523581594160E+00
.9216784222469910E+00
.5357797235366279E+00
.8289373814275950E+00
.1606328282715250E+00
-.6100487943693830E+00
.7079872291669580E+00
.3558012813699350E+00
-.1425523582955010E+00
-.9216784222837310E+00
.3608153420248330E+00
.8289373813332880E+00
-.5357797236731460E+00
.1606328283028440E+00
.7079872292201500E+00
.6100487944409100E+00
.3558012811414540E+00
-.9216784222546059E+00
.1425523581829800E+00
.3608153421436860E+00
-.5357797236552250E+00
-.1606328280969890E+00
-.8289373813847620E+00
.6100487944838060E+00
-.3558012813559710E+00
-.7079872290753820E+00
.1425523582887610E+00
-.3608153423364790E+00
.9216784221627710E+00
-.8289373813132610E+00
-.1606328282541570E+00
.5357797237187280E+00
-.7079872292006920E+00
-.3558012811508900E+00
-.6100487944579880E+00
.9216784223973650E+00
-.3608153418416520E+00
-.1425523580244420E+00
.1606328281463350E+00
.5357797238074700E+00
.8289373812767969E+00
.3558012814125380E+00
-.6100487945224780E+00
.7079872290136310E+00
.3608153421864610E+00
-.1425523583518680E+00
-.9216784222117390E+00
.1606328281551430E+00
.8289373812139630E+00
-.5357797239020430E+00
.3558012812577890E+00
.7079872293097010E+00
.6100487942691309E+00
.3608153419289320E+00
-.9216784223667140E+00
.1425523580017000E+00
-.8289373815037741E+00
-.5357797234543760E+00
-.1606328281527500E+00
-.7079872290828220E+00
.6100487944884410E+00
-.3558012813332180E+00
.9216784221787770E+00
.1425523583617930E+00
-.3608153422667380E+00
.5357797236644860E+00
-.8289373813509530E+00
-.1606328282405730E+00
-.6100487945470420E+00
-.7079872290604080E+00
-.3558012812773430E+00
-.1425523582730840E+00
.9216784222455841E+00
-.3608153421311320E+00
.8289373813212590E+00
.1606328281352750E+00
.5357797237419960E+00
.7079872290739621E+00
.3558012812562480E+00
-.6100487945436160E+00
-.9216784222042260E+00
.3608153422349130E+00
-.1425523582778030E+00
-.5357797236017590E+00
.1606328284388030E+00
.8289373813530830E+00
.6100487943242210E+00
.3558012813025520E+00
.7079872292397360E+00
.1425523581384390E+00
.3608153419790060E+00
-.9216784223259630E+00
-.1606328281803330E+00
-.8289373814808400E+00
-.5357797234815890E+00
-.3558012810423250E+00
-.7079872292730250E+00
.6100487944373620E+00
-.3608153421815400E+00
.9216784222012400E+00
.1425523584322040E+00
.5357797236280890E+00
.1606328281261520E+00
-.8289373813966500E+00
-.6100487944333830E+00
.3558012811834530E+00
-.7079872292055290E+00
-.1425523578903840E+00
.3608153417701560E+00
.9216784224460890E+00
-.5357797239028930E+00
-.8289373812285230E+00
.1606328280771710E+00
.6100487944035010E+00
-.7079872292509440E+00
.3558012811443190E+00
.1425523580120170E+00
.9216784223817780E+00
.3608153418863760E+00
-.8289373814060780E+00
.5357797236267150E+00
.1606328280820850E+00
-.7079872290486920E+00
-.6100487944786340E+00
.3558012814179480E+00
.9216784222896450E+00
-.1425523581333170E+00
.3608153420737990E+00
.1606328280451270E+00
-.5357797237647870E+00
-.8289373813239970E+00
.3558012812148810E+00
.6100487944044169E+00
-.7079872292146940E+00
.3608153421673780E+00
.1425523583267090E+00
.9216784222231010E+00
.1606328282875530E+00
-.8289373814277970E+00
.5357797235315100E+00
.3558012814085440E+00
-.7079872290779410E+00
-.6100487944501730E+00
.3608153420555930E+00
.9216784222630380E+00
-.1425523583514360E+00
-.8289373813745970E+00
.1606328281449370E+00
-.5357797236565760E+00
-.7079872292225150E+00
.3558012812959960E+00
.6100487943480311E+00
.9216784222142460E+00
.3608153421787610E+00
.1425523583551470E+00
