.2941452326813350E+00
-.5459097140548520E+00
.7845133307926599E+00
-.2941470995964260E+00
-.5459139252405401E+00
-.7845097004036830E+00
-.6002076727217120E+00
.2640592386930830E+00
-.7549989854740310E+00
.6002080948590850E+00
.2640553989771090E+00
.7549999928057400E+00
-.3681568416303760E+00
-.6845352273148940E+00
.6291836476941310E+00
.3817910737436400E-01
.7273736341529951E+00
-.6851787738241470E+00
.3681568887963670E+00
-.6845360520238410E+00
-.6291827228328760E+00
-.3818124006427900E-01
.7273754577367270E+00
.6851767190947460E+00
.7509275442957110E+00
.3032973944868170E+00
-.5866161553482160E+00
-.7509284383243100E+00
.3032958066312110E+00
.5866158318659120E+00
-.2018710193247000E+00
.9677077853818210E+00
.1509626896561480E+00
.2018743302097150E+00
.9677068662998610E+00
-.1509641537534070E+00
.9582310471980560E+00
-.5008939271523900E-01
-.2815747022073090E+00
-.9582313714726620E+00
-.5008904727821200E-01
.2815736601111380E+00
.8313943195104680E+00
.5445208274705799E+00
.1108176607607340E+00
.5063829768813800E+00
-.8622725998758550E+00
.7889501130337000E-02
-.8313918943689250E+00
.5445258048475680E+00
-.1108113975760530E+00
-.5063877674879790E+00
-.8622698070042680E+00
-.7887259813363001E-02
-.7730939367865470E+00
-.5796321528524860E+00
-.2575894646204890E+00
.7730920378609100E+00
-.5796360887192150E+00
.2575863071872350E+00
-.9038105390481300E+00
.1874046825441430E+00
-.3847154720908130E+00
.9038099907919670E+00
.1873985853971800E+00
.3847197301098040E+00
.4358617601093350E+00
-.8020642787979170E+00
.4083104440873020E+00
-.4358652078145600E+00
-.8020640429131350E+00
-.4083072270761410E+00
-.1132036747707960E+00
.9431296521517860E+00
-.3125562145445840E+00
-.7761878435496200E+00
-.5980710180855360E+00
.1996083386332380E+00
.1132069929902440E+00
.9431300341856200E+00
.3125538599267940E+00
.7761838684878540E+00
-.5980755044225730E+00
-.1996103537117090E+00
-.9731459812088620E+00
.2227676533367850E+00
.5797820179914900E-01
.9731469211268980E+00
.2227643727223810E+00
-.5797503037380800E-01
.1347581233437520E+00
.2495788358284630E+00
-.9589320376853510E+00
-.1347569639439860E+00
.2495797440241960E+00
.9589319642401209E+00
.2068572550762380E+00
.2873619861960180E+00
.9352182445353620E+00
-.2068557822325660E+00
.2873543294193490E+00
-.9352209229486420E+00
.4726974107365220E+00
.7645899628544300E-01
-.8779015774960260E+00
.2527356696567430E+00
-.1385664497781210E+00
.9575614968653680E+00
-.4726980696498540E+00
.7645783916741100E-01
.8779013234863881E+00
-.2527358858972540E+00
-.1385730508057440E+00
-.9575604845492099E+00
-.7917817996003500E-01
-.2548360818135710E+00
.9637371982154280E+00
.7917871413159000E-01
-.2548389414516790E+00
-.9637363981651080E+00
-.4603425039728770E+00
.8322182306298910E+00
-.3090268526248730E+00
.4603463659932410E+00
.8322176631749920E+00
.3090226276769600E+00
.9081693206389500E+00
-.1387939382069470E+00
.3949236986649360E+00
-.9081686123535030E+00
-.1387877283324390E+00
-.3949275098043120E+00
.7727173407025680E+00
.5323963970770450E+00
-.3456327353665060E+00
.9271671844234500E-01
-.9332089425313040E+00
.3471666454325470E+00
-.7727132442720860E+00
.5324000170109010E+00
.3456363175554640E+00
-.9271982663797200E-01
-.9332089662132070E+00
-.3471657516626620E+00
-.7164116050731190E+00
-.4725679613247180E+00
.5132581553623450E+00
.7164115418726200E+00
-.4725670293542860E+00
-.5132591016620760E+00
.3498764308615550E+00
-.8869218316998010E+00
-.3015893691459440E+00
-.3498791332148230E+00
-.8869204800949581E+00
.3015902089408300E+00
-.7686589598089300E+00
-.1070136125859190E+00
.6306437110023090E+00
.7686586561025840E+00
-.1070122644243980E+00
-.6306443099412949E+00
-.6466390479819510E+00
-.4475188678528520E+00
-.6177255090577830E+00
-.4030847330111290E+00
.7768627268809311E+00
.4837427018534450E+00
.6466384225397410E+00
-.4475224007365710E+00
.6177236043201620E+00
.4030860932332380E+00
.7768621940360190E+00
-.4837424241468890E+00
.6663092952323210E+00
.5505339899921260E+00
.5029356310208680E+00
-.6663097754716500E+00
.5505362717005740E+00
-.5029324971136300E+00
.3402251737459000E-02
-.7018198471021880E+00
-.7123463531854261E+00
-.3401446264411000E-02
-.7018186342975790E+00
.7123475519126820E+00
-.4026376214682250E+00
-.3343936394690340E+00
.8520937974548720E+00
.4026380241403750E+00
-.3343933755102350E+00
-.8520937107684849E+00
-.6214948920605829E+00
-.9599051067782600E-01
-.7775152223605750E+00
-.3947999907202000E+00
.5080247551438710E+00
.7655349864560990E+00
.6214951850593849E+00
-.9599543925006999E-01
.7775143796684320E+00
.3948001581381270E+00
.5080272717509750E+00
-.7655332300373190E+00
.2847949608166680E+00
.6360449566091090E+00
.7171740677586920E+00
-.2847941806447660E+00
.6360404484649120E+00
-.7171783757109730E+00
-.2244632445000000E-05
-.9999999999974420E+00
.2794054950000000E-06
-.9569574525300470E+00
-.2897238214460960E+00
-.1710383974066800E-01
.9569563064587260E+00
-.2897278771599520E+00
.1709926095657000E-01
-.5742798702990410E+00
.8142073260014200E+00
.8525878755257400E-01
.5742851921828850E+00
.8142033690062290E+00
-.8526072916867400E-01
