.7434704474670130E+00
-.5907357769228170E+00
-.3135010934695370E+00
-.7434711431021100E+00
.5907417795715930E+00
-.3134881325393830E+00
-.9702970320273870E+00
-.2341995916845720E+00
-.6061535196321000E-01
.9702974252649420E+00
.2341988799007410E+00
-.6061180724464300E-01
.9230190522374400E+00
.2561339456613710E+00
.2871083960573720E+00
-.9230216521942270E+00
-.2561339393184980E+00
.2871000430334830E+00
.4877224619210700E+00
.7654364243445100E+00
-.4198021920194590E+00
-.4877152293370650E+00
-.7654362631255101E+00
-.4198108885738300E+00
-.4770481701417000E-02
-.3832931600905940E+00
-.9236144195128740E+00
.4749628341126000E-02
.3833013387735830E+00
-.9236111328502929E+00
.9861026135035200E+00
-.1585604043518450E+00
.4960074408017200E-01
-.9861003234321520E+00
.1585633700940590E+00
.4963677861647200E-01
.3507983962011610E+00
.3293216154906680E+00
-.8766343358512200E+00
-.3508155863159860E+00
-.3293040401744290E+00
-.8766340590705850E+00
.3450282523715240E+00
-.8814403672460100E+00
-.3225188119391980E+00
-.3450225327073730E+00
.8814474741175370E+00
-.3225055073886390E+00
-.9051290310677120E+00
.1047610102046100E+00
.4120273872685350E+00
.9051423401950940E+00
-.1047592152042000E+00
.4119986053568010E+00
-.6947062211661650E+00
.1615674712054370E+00
.7009131319366960E+00
.6947281366598840E+00
-.1615735544270600E+00
.7008900075210740E+00
-.5464601846353631E+00
-.7286196098845430E+00
.4129100758034140E+00
.5464385062915400E+00
.7286360458596139E+00
.4129097619528220E+00
-.5948472689507600E+00
.5337907285425070E+00
.6010192881629360E+00
.5948598256027030E+00
-.5337996729241190E+00
.6009989160306570E+00
-.4716793156919800E-01
.6672750764638680E+00
.7433163246973810E+00
.4719133823863900E-01
-.6672957078576900E+00
.7432963176754950E+00
.6687727612081440E+00
.4862620676021410E+00
-.5623986090641810E+00
-.6687744576691140E+00
-.4862556620380810E+00
-.5624021300682370E+00
-.4728899916101820E+00
.6812133617265620E+00
-.5588590266248880E+00
.4728862182502520E+00
-.6812031471867210E+00
-.5588746700753950E+00
-.3611736549175320E+00
.4189652671695770E+00
.8330796455916070E+00
.3611990526707360E+00
-.4189768892931880E+00
.8330627891029390E+00
-.2777362244898260E+00
-.9349007748050940E+00
.2209595684168760E+00
.2777195089410940E+00
.9349066119520080E+00
.2209558808494030E+00
.8276832953931550E+00
-.4557153985401920E+00
.3275115846202710E+00
-.8276735087305240E+00
.4557189553522200E+00
.3275313674724680E+00
-.8510855569233330E+00
.5231736904017930E+00
-.4407566752607000E-01
.8510861099181890E+00
-.5231716167497870E+00
-.4408960117463900E-01
.7628988661292800E+00
-.3155336861285750E+00
-.5642905395067090E+00
-.7629099245644820E+00
.3155364758117650E+00
-.5642740286716260E+00
-.2636454738584000E-02
.8005043998811801E+00
-.5993210782854910E+00
.2642772060378000E-02
-.8004926265297800E+00
-.5993367756339431E+00
-.7753314447983960E+00
-.5919832062445500E+00
.2200387107562070E+00
.7753288841798430E+00
.5919778217757600E+00
.2200622182067310E+00
.2394352631534920E+00
.4790057976171240E+00
.8445260212733530E+00
-.2394220993425370E+00
-.4790403140658530E+00
.8445101750992120E+00
-.6228927078522960E+00
-.1404908085286480E+00
-.7695888559636250E+00
.6228723861802330E+00
.1405018352803700E+00
-.7696032905445450E+00
.3276545297656800E+00
-.9071577377315700E-01
-.9404324311255799E+00
-.3276840028355610E+00
.9073095712275001E-01
-.9404206971910249E+00
.8369434758761100E-01
.9431460167214200E+00
-.3216688473016980E+00
-.8368695388793000E-01
-.9431407550603170E+00
-.3216861978593640E+00
.9503509644765700E+00
-.1306924486617360E+00
-.2824049011282430E+00
-.9503593568414350E+00
.1307030771522550E+00
-.2823717381163790E+00
-.2274417874193610E+00
.5704724471132090E+00
-.7891966931127840E+00
.2274426427876340E+00
-.5704514822750210E+00
-.7892116006572690E+00
.3171752909753280E+00
-.7885404884446560E+00
.5268811373338200E+00
-.3171712085401150E+00
.7885263027143670E+00
.5269048248031269E+00
.7565374488206300E+00
.2713427157102330E+00
.5949993438340651E+00
-.7565462488823190E+00
-.2713462474973120E+00
.5949865437732340E+00
-.3859846795280200E+00
-.9182219864719210E+00
-.8879307816046600E-01
.3860037535618420E+00
.9182144343140620E+00
-.8878825853386101E-01
.8454152043108520E+00
.9234604029268600E-01
-.5260659095230390E+00
-.8454281436487090E+00
-.9232846774086800E-01
-.5260481992853140E+00
-.9139721002478900E-01
.9957439374430570E+00
-.1185584434290000E-01
.9139901698486699E-01
-.9957436021748770E+00
-.1187006411108300E-01
-.5346341402896040E+00
.3015842340816800E+00
-.7894385889923060E+00
.5346254515387860E+00
-.3015597799410170E+00
-.7894538147915140E+00
.2131522075723550E+00
.1198168010661280E+00
.9696443010657630E+00
-.2131369765186110E+00
-.1198500461263270E+00
.9696435405261160E+00
.5349788497037080E+00
.4807667311968480E+00
.6947380661400350E+00
-.5349797499080050E+00
-.4807585628627510E+00
.6947430254579821E+00
-.1474415871720360E+00
.9443649258132920E+00
.2939997708601940E+00
.1474271890721220E+00
-.9443732316156450E+00
.2939803111266390E+00
-.6917037162003900E+00
-.7189164183595680E+00
-.6859411350561501E-01
.6917168856352330E+00
.7189053942836930E+00
-.6857684884056200E-01
-.1271244487869740E+00
.2573299061412830E+00
.9579252026781250E+00
.1271338116466550E+00
-.2573651900253870E+00
.9579144809947230E+00
.5094579232260850E+00
-.8600407672255130E+00
-.2797325816408300E-01
-.5094569138698940E+00
.8600417527730529E+00
-.2796133754343000E-01
-.1975030641764330E+00
-.8148150575739620E+00
.5450403302432421E+00
.1974911412291330E+00
.8148104354740340E+00
.5450515602937300E+00
-.5126164114767310E+00
-.4245716293773100E-01
.8575673757787180E+00
.5126284620856500E+00
.4243595532858600E-01
.8575612220448470E+00
.8569315800998270E+00
.4386495313456620E+00
-.2706563423935310E+00
-.8569286056955010E+00
-.4386515329472270E+00
-.2706625156607640E+00
-.3019834062502640E+00
-.6439879722957180E+00
-.7029121665527900E+00
.3019807512024210E+00
.6439952644795850E+00
-.7029066262535090E+00
.6001289234861280E+00
-.7625996828275500E+00
.2414270054213100E+00
-.6001276381360210E+00
.7625964864223150E+00
.2414402966400200E+00
-.1302421718000000E-04
.7298370032000000E-05
-.9999999998885520E+00
